1 1 1
1 2 0.975004
1 3 0.950649
1 4 0.926935
1 5 0.903862
1 6 0.881429
1 7 0.859638
1 8 0.838487
1 9 0.817978
1 10 0.798109
1 11 0.778882
1 12 0.760295
1 13 0.742349
1 14 0.725044
1 15 0.70838
1 16 0.692357
1 17 0.676975
1 18 0.662234
1 19 0.648133
1 20 0.634674
1 21 0.621855
1 22 0.609678
1 23 0.598141
1 24 0.587246
1 25 0.576991
1 26 0.567377
1 27 0.558404
1 28 0.550072
1 29 0.542381
1 30 0.535331
1 31 0.528922
1 32 0.523153
1 33 0.518026
1 34 0.513539
1 35 0.509694
1 36 0.506489
1 37 0.503926
1 38 0.502003
1 39 0.500721
1 40 0.50008
1 41 0.50008
1 42 0.500721
1 43 0.502003
1 44 0.503926
1 45 0.506489
1 46 0.509694
1 47 0.513539
1 48 0.518026
1 49 0.523153
1 50 0.528922
1 51 0.535331
1 52 0.542381
1 53 0.550072
1 54 0.558404
1 55 0.567377
1 56 0.576991
1 57 0.587246
1 58 0.598141
1 59 0.609678
1 60 0.621855
1 61 0.634674
1 62 0.648133
1 63 0.662234
1 64 0.676975
1 65 0.692357
1 66 0.70838
1 67 0.725044
1 68 0.742349
1 69 0.760295
1 70 0.778882
1 71 0.798109
1 72 0.817978
1 73 0.838487
1 74 0.859638
1 75 0.881429
1 76 0.903862
1 77 0.926935
1 78 0.950649
1 79 0.975004
1 80 1
2 1 0.975004
2 2 0.950008
2 3 0.925653
2 4 0.901939
2 5 0.878866
2 6 0.856433
2 7 0.834642
2 8 0.813491
2 9 0.792982
2 10 0.773113
2 11 0.753886
2 12 0.735299
2 13 0.717353
2 14 0.700048
2 15 0.683384
2 16 0.667361
2 17 0.651979
2 18 0.637238
2 19 0.623137
2 20 0.609678
2 21 0.596859
2 22 0.584682
2 23 0.573145
2 24 0.56225
2 25 0.551995
2 26 0.542381
2 27 0.533408
2 28 0.525076
2 29 0.517385
2 30 0.510335
2 31 0.503926
2 32 0.498157
2 33 0.49303
2 34 0.488544
2 35 0.484698
2 36 0.481493
2 37 0.47893
2 38 0.477007
2 39 0.475725
2 40 0.475084
2 41 0.475084
2 42 0.475725
2 43 0.477007
2 44 0.47893
2 45 0.481493
2 46 0.484698
2 47 0.488544
2 48 0.49303
2 49 0.498157
2 50 0.503926
2 51 0.510335
2 52 0.517385
2 53 0.525076
2 54 0.533408
2 55 0.542381
2 56 0.551995
2 57 0.56225
2 58 0.573145
2 59 0.584682
2 60 0.596859
2 61 0.609678
2 62 0.623137
2 63 0.637238
2 64 0.651979
2 65 0.667361
2 66 0.683384
2 67 0.700048
2 68 0.717353
2 69 0.735299
2 70 0.753886
2 71 0.773113
2 72 0.792982
2 73 0.813491
2 74 0.834642
2 75 0.856433
2 76 0.878866
2 77 0.901939
2 78 0.925653
2 79 0.950008
2 80 0.975004
3 1 0.950649
3 2 0.925653
3 3 0.901298
3 4 0.877584
3 5 0.85451
3 6 0.832078
3 7 0.810287
3 8 0.789136
3 9 0.768627
3 10 0.748758
3 11 0.729531
3 12 0.710944
3 13 0.692998
3 14 0.675693
3 15 0.659029
3 16 0.643006
3 17 0.627624
3 18 0.612883
3 19 0.598782
3 20 0.585323
3 21 0.572504
3 22 0.560327
3 23 0.54879
3 24 0.537895
3 25 0.52764
3 26 0.518026
3 27 0.509053
3 28 0.500721
3 29 0.49303
3 30 0.48598
3 31 0.479571
3 32 0.473802
3 33 0.468675
3 34 0.464188
3 35 0.460343
3 36 0.457138
3 37 0.454575
3 38 0.452652
3 39 0.45137
3 40 0.450729
3 41 0.450729
3 42 0.45137
3 43 0.452652
3 44 0.454575
3 45 0.457138
3 46 0.460343
3 47 0.464188
3 48 0.468675
3 49 0.473802
3 50 0.479571
3 51 0.48598
3 52 0.49303
3 53 0.500721
3 54 0.509053
3 55 0.518026
3 56 0.52764
3 57 0.537895
3 58 0.54879
3 59 0.560327
3 60 0.572504
3 61 0.585323
3 62 0.598782
3 63 0.612883
3 64 0.627624
3 65 0.643006
3 66 0.659029
3 67 0.675693
3 68 0.692998
3 69 0.710944
3 70 0.729531
3 71 0.748758
3 72 0.768627
3 73 0.789136
3 74 0.810287
3 75 0.832078
3 76 0.85451
3 77 0.877584
3 78 0.901298
3 79 0.925653
3 80 0.950649
4 1 0.926935
4 2 0.901939
4 3 0.877584
4 4 0.85387
4 5 0.830796
4 6 0.808364
4 7 0.786573
4 8 0.765422
4 9 0.744913
4 10 0.725044
4 11 0.705816
4 12 0.68723
4 13 0.669284
4 14 0.651979
4 15 0.635315
4 16 0.619292
4 17 0.60391
4 18 0.589168
4 19 0.575068
4 20 0.561609
4 21 0.54879
4 22 0.536613
4 23 0.525076
4 24 0.51418
4 25 0.503926
4 26 0.494312
4 27 0.485339
4 28 0.477007
4 29 0.469316
4 30 0.462266
4 31 0.455856
4 32 0.450088
4 33 0.444961
4 34 0.440474
4 35 0.436629
4 36 0.433424
4 37 0.43086
4 38 0.428938
4 39 0.427656
4 40 0.427015
4 41 0.427015
4 42 0.427656
4 43 0.428938
4 44 0.43086
4 45 0.433424
4 46 0.436629
4 47 0.440474
4 48 0.444961
4 49 0.450088
4 50 0.455856
4 51 0.462266
4 52 0.469316
4 53 0.477007
4 54 0.485339
4 55 0.494312
4 56 0.503926
4 57 0.51418
4 58 0.525076
4 59 0.536613
4 60 0.54879
4 61 0.561609
4 62 0.575068
4 63 0.589168
4 64 0.60391
4 65 0.619292
4 66 0.635315
4 67 0.651979
4 68 0.669284
4 69 0.68723
4 70 0.705816
4 71 0.725044
4 72 0.744913
4 73 0.765422
4 74 0.786573
4 75 0.808364
4 76 0.830796
4 77 0.85387
4 78 0.877584
4 79 0.901939
4 80 0.926935
5 1 0.903862
5 2 0.878866
5 3 0.85451
5 4 0.830796
5 5 0.807723
5 6 0.785291
5 7 0.763499
5 8 0.742349
5 9 0.721839
5 10 0.701971
5 11 0.682743
5 12 0.664156
5 13 0.646211
5 14 0.628906
5 15 0.612242
5 16 0.596219
5 17 0.580836
5 18 0.566095
5 19 0.551995
5 20 0.538535
5 21 0.525717
5 22 0.513539
5 23 0.502003
5 24 0.491107
5 25 0.480852
5 26 0.471239
5 27 0.462266
5 28 0.453934
5 29 0.446243
5 30 0.439192
5 31 0.432783
5 32 0.427015
5 33 0.421888
5 34 0.417401
5 35 0.413556
5 36 0.410351
5 37 0.407787
5 38 0.405864
5 39 0.404583
5 40 0.403942
5 41 0.403942
5 42 0.404583
5 43 0.405864
5 44 0.407787
5 45 0.410351
5 46 0.413556
5 47 0.417401
5 48 0.421888
5 49 0.427015
5 50 0.432783
5 51 0.439192
5 52 0.446243
5 53 0.453934
5 54 0.462266
5 55 0.471239
5 56 0.480852
5 57 0.491107
5 58 0.502003
5 59 0.513539
5 60 0.525717
5 61 0.538535
5 62 0.551995
5 63 0.566095
5 64 0.580836
5 65 0.596219
5 66 0.612242
5 67 0.628906
5 68 0.646211
5 69 0.664156
5 70 0.682743
5 71 0.701971
5 72 0.721839
5 73 0.742349
5 74 0.763499
5 75 0.785291
5 76 0.807723
5 77 0.830796
5 78 0.85451
5 79 0.878866
5 80 0.903862
6 1 0.881429
6 2 0.856433
6 3 0.832078
6 4 0.808364
6 5 0.785291
6 6 0.762859
6 7 0.741067
6 8 0.719917
6 9 0.699407
6 10 0.679539
6 11 0.660311
6 12 0.641724
6 13 0.623778
6 14 0.606473
6 15 0.589809
6 16 0.573786
6 17 0.558404
6 18 0.543663
6 19 0.529563
6 20 0.516103
6 21 0.503285
6 22 0.491107
6 23 0.479571
6 24 0.468675
6 25 0.45842
6 26 0.448806
6 27 0.439833
6 28 0.431501
6 29 0.42381
6 30 0.41676
6 31 0.410351
6 32 0.404583
6 33 0.399455
6 34 0.394969
6 35 0.391123
6 36 0.387919
6 37 0.385355
6 38 0.383432
6 39 0.38215
6 40 0.381509
6 41 0.381509
6 42 0.38215
6 43 0.383432
6 44 0.385355
6 45 0.387919
6 46 0.391123
6 47 0.394969
6 48 0.399455
6 49 0.404583
6 50 0.410351
6 51 0.41676
6 52 0.42381
6 53 0.431501
6 54 0.439833
6 55 0.448806
6 56 0.45842
6 57 0.468675
6 58 0.479571
6 59 0.491107
6 60 0.503285
6 61 0.516103
6 62 0.529563
6 63 0.543663
6 64 0.558404
6 65 0.573786
6 66 0.589809
6 67 0.606473
6 68 0.623778
6 69 0.641724
6 70 0.660311
6 71 0.679539
6 72 0.699407
6 73 0.719917
6 74 0.741067
6 75 0.762859
6 76 0.785291
6 77 0.808364
6 78 0.832078
6 79 0.856433
6 80 0.881429
7 1 0.859638
7 2 0.834642
7 3 0.810287
7 4 0.786573
7 5 0.763499
7 6 0.741067
7 7 0.719276
7 8 0.698125
7 9 0.677616
7 10 0.657747
7 11 0.638519
7 12 0.619933
7 13 0.601987
7 14 0.584682
7 15 0.568018
7 16 0.551995
7 17 0.536613
7 18 0.521871
7 19 0.507771
7 20 0.494312
7 21 0.481493
7 22 0.469316
7 23 0.457779
7 24 0.446884
7 25 0.436629
7 26 0.427015
7 27 0.418042
7 28 0.40971
7 29 0.402019
7 30 0.394969
7 31 0.38856
7 32 0.382791
7 33 0.377664
7 34 0.373177
7 35 0.369332
7 36 0.366127
7 37 0.363564
7 38 0.361641
7 39 0.360359
7 40 0.359718
7 41 0.359718
7 42 0.360359
7 43 0.361641
7 44 0.363564
7 45 0.366127
7 46 0.369332
7 47 0.373177
7 48 0.377664
7 49 0.382791
7 50 0.38856
7 51 0.394969
7 52 0.402019
7 53 0.40971
7 54 0.418042
7 55 0.427015
7 56 0.436629
7 57 0.446884
7 58 0.457779
7 59 0.469316
7 60 0.481493
7 61 0.494312
7 62 0.507771
7 63 0.521871
7 64 0.536613
7 65 0.551995
7 66 0.568018
7 67 0.584682
7 68 0.601987
7 69 0.619933
7 70 0.638519
7 71 0.657747
7 72 0.677616
7 73 0.698125
7 74 0.719276
7 75 0.741067
7 76 0.763499
7 77 0.786573
7 78 0.810287
7 79 0.834642
7 80 0.859638
8 1 0.838487
8 2 0.813491
8 3 0.789136
8 4 0.765422
8 5 0.742349
8 6 0.719917
8 7 0.698125
8 8 0.676975
8 9 0.656465
8 10 0.636597
8 11 0.617369
8 12 0.598782
8 13 0.580836
8 14 0.563531
8 15 0.546867
8 16 0.530844
8 17 0.515462
8 18 0.500721
8 19 0.486621
8 20 0.473161
8 21 0.460343
8 22 0.448165
8 23 0.436629
8 24 0.425733
8 25 0.415478
8 26 0.405864
8 27 0.396892
8 28 0.38856
8 29 0.380868
8 30 0.373818
8 31 0.367409
8 32 0.361641
8 33 0.356513
8 34 0.352027
8 35 0.348181
8 36 0.344977
8 37 0.342413
8 38 0.34049
8 39 0.339208
8 40 0.338568
8 41 0.338568
8 42 0.339208
8 43 0.34049
8 44 0.342413
8 45 0.344977
8 46 0.348181
8 47 0.352027
8 48 0.356513
8 49 0.361641
8 50 0.367409
8 51 0.373818
8 52 0.380868
8 53 0.38856
8 54 0.396892
8 55 0.405864
8 56 0.415478
8 57 0.425733
8 58 0.436629
8 59 0.448165
8 60 0.460343
8 61 0.473161
8 62 0.486621
8 63 0.500721
8 64 0.515462
8 65 0.530844
8 66 0.546867
8 67 0.563531
8 68 0.580836
8 69 0.598782
8 70 0.617369
8 71 0.636597
8 72 0.656465
8 73 0.676975
8 74 0.698125
8 75 0.719917
8 76 0.742349
8 77 0.765422
8 78 0.789136
8 79 0.813491
8 80 0.838487
9 1 0.817978
9 2 0.792982
9 3 0.768627
9 4 0.744913
9 5 0.721839
9 6 0.699407
9 7 0.677616
9 8 0.656465
9 9 0.635956
9 10 0.616087
9 11 0.596859
9 12 0.578273
9 13 0.560327
9 14 0.543022
9 15 0.526358
9 16 0.510335
9 17 0.494953
9 18 0.480212
9 19 0.466111
9 20 0.452652
9 21 0.439833
9 22 0.427656
9 23 0.416119
9 24 0.405224
9 25 0.394969
9 26 0.385355
9 27 0.376382
9 28 0.36805
9 29 0.360359
9 30 0.353309
9 31 0.3469
9 32 0.341131
9 33 0.336004
9 34 0.331517
9 35 0.327672
9 36 0.324467
9 37 0.321904
9 38 0.319981
9 39 0.318699
9 40 0.318058
9 41 0.318058
9 42 0.318699
9 43 0.319981
9 44 0.321904
9 45 0.324467
9 46 0.327672
9 47 0.331517
9 48 0.336004
9 49 0.341131
9 50 0.3469
9 51 0.353309
9 52 0.360359
9 53 0.36805
9 54 0.376382
9 55 0.385355
9 56 0.394969
9 57 0.405224
9 58 0.416119
9 59 0.427656
9 60 0.439833
9 61 0.452652
9 62 0.466111
9 63 0.480212
9 64 0.494953
9 65 0.510335
9 66 0.526358
9 67 0.543022
9 68 0.560327
9 69 0.578273
9 70 0.596859
9 71 0.616087
9 72 0.635956
9 73 0.656465
9 74 0.677616
9 75 0.699407
9 76 0.721839
9 77 0.744913
9 78 0.768627
9 79 0.792982
9 80 0.817978
10 1 0.798109
10 2 0.773113
10 3 0.748758
10 4 0.725044
10 5 0.701971
10 6 0.679539
10 7 0.657747
10 8 0.636597
10 9 0.616087
10 10 0.596219
10 11 0.576991
10 12 0.558404
10 13 0.540458
10 14 0.523153
10 15 0.506489
10 16 0.490466
10 17 0.475084
10 18 0.460343
10 19 0.446243
10 20 0.432783
10 21 0.419965
10 22 0.407787
10 23 0.396251
10 24 0.385355
10 25 0.3751
10 26 0.365486
10 27 0.356513
10 28 0.348181
10 29 0.34049
10 30 0.33344
10 31 0.327031
10 32 0.321263
10 33 0.316135
10 34 0.311649
10 35 0.307803
10 36 0.304599
10 37 0.302035
10 38 0.300112
10 39 0.29883
10 40 0.298189
10 41 0.298189
10 42 0.29883
10 43 0.300112
10 44 0.302035
10 45 0.304599
10 46 0.307803
10 47 0.311649
10 48 0.316135
10 49 0.321263
10 50 0.327031
10 51 0.33344
10 52 0.34049
10 53 0.348181
10 54 0.356513
10 55 0.365486
10 56 0.3751
10 57 0.385355
10 58 0.396251
10 59 0.407787
10 60 0.419965
10 61 0.432783
10 62 0.446243
10 63 0.460343
10 64 0.475084
10 65 0.490466
10 66 0.506489
10 67 0.523153
10 68 0.540458
10 69 0.558404
10 70 0.576991
10 71 0.596219
10 72 0.616087
10 73 0.636597
10 74 0.657747
10 75 0.679539
10 76 0.701971
10 77 0.725044
10 78 0.748758
10 79 0.773113
10 80 0.798109
11 1 0.778882
11 2 0.753886
11 3 0.729531
11 4 0.705816
11 5 0.682743
11 6 0.660311
11 7 0.638519
11 8 0.617369
11 9 0.596859
11 10 0.576991
11 11 0.557763
11 12 0.539176
11 13 0.521231
11 14 0.503926
11 15 0.487262
11 16 0.471239
11 17 0.455856
11 18 0.441115
11 19 0.427015
11 20 0.413556
11 21 0.400737
11 22 0.38856
11 23 0.377023
11 24 0.366127
11 25 0.355872
11 26 0.346259
11 27 0.337286
11 28 0.328954
11 29 0.321263
11 30 0.314212
11 31 0.307803
11 32 0.302035
11 33 0.296908
11 34 0.292421
11 35 0.288576
11 36 0.285371
11 37 0.282807
11 38 0.280884
11 39 0.279603
11 40 0.278962
11 41 0.278962
11 42 0.279603
11 43 0.280884
11 44 0.282807
11 45 0.285371
11 46 0.288576
11 47 0.292421
11 48 0.296908
11 49 0.302035
11 50 0.307803
11 51 0.314212
11 52 0.321263
11 53 0.328954
11 54 0.337286
11 55 0.346259
11 56 0.355872
11 57 0.366127
11 58 0.377023
11 59 0.38856
11 60 0.400737
11 61 0.413556
11 62 0.427015
11 63 0.441115
11 64 0.455856
11 65 0.471239
11 66 0.487262
11 67 0.503926
11 68 0.521231
11 69 0.539176
11 70 0.557763
11 71 0.576991
11 72 0.596859
11 73 0.617369
11 74 0.638519
11 75 0.660311
11 76 0.682743
11 77 0.705816
11 78 0.729531
11 79 0.753886
11 80 0.778882
12 1 0.760295
12 2 0.735299
12 3 0.710944
12 4 0.68723
12 5 0.664156
12 6 0.641724
12 7 0.619933
12 8 0.598782
12 9 0.578273
12 10 0.558404
12 11 0.539176
12 12 0.52059
12 13 0.502644
12 14 0.485339
12 15 0.468675
12 16 0.452652
12 17 0.43727
12 18 0.422528
12 19 0.408428
12 20 0.394969
12 21 0.38215
12 22 0.369973
12 23 0.358436
12 24 0.34754
12 25 0.337286
12 26 0.327672
12 27 0.318699
12 28 0.310367
12 29 0.302676
12 30 0.295626
12 31 0.289216
12 32 0.283448
12 33 0.278321
12 34 0.273834
12 35 0.269989
12 36 0.266784
12 37 0.26422
12 38 0.262298
12 39 0.261016
12 40 0.260375
12 41 0.260375
12 42 0.261016
12 43 0.262298
12 44 0.26422
12 45 0.266784
12 46 0.269989
12 47 0.273834
12 48 0.278321
12 49 0.283448
12 50 0.289216
12 51 0.295626
12 52 0.302676
12 53 0.310367
12 54 0.318699
12 55 0.327672
12 56 0.337286
12 57 0.34754
12 58 0.358436
12 59 0.369973
12 60 0.38215
12 61 0.394969
12 62 0.408428
12 63 0.422528
12 64 0.43727
12 65 0.452652
12 66 0.468675
12 67 0.485339
12 68 0.502644
12 69 0.52059
12 70 0.539176
12 71 0.558404
12 72 0.578273
12 73 0.598782
12 74 0.619933
12 75 0.641724
12 76 0.664156
12 77 0.68723
12 78 0.710944
12 79 0.735299
12 80 0.760295
13 1 0.742349
13 2 0.717353
13 3 0.692998
13 4 0.669284
13 5 0.646211
13 6 0.623778
13 7 0.601987
13 8 0.580836
13 9 0.560327
13 10 0.540458
13 11 0.521231
13 12 0.502644
13 13 0.484698
13 14 0.467393
13 15 0.450729
13 16 0.434706
13 17 0.419324
13 18 0.404583
13 19 0.390482
13 20 0.377023
13 21 0.364204
13 22 0.352027
13 23 0.34049
13 24 0.329595
13 25 0.31934
13 26 0.309726
13 27 0.300753
13 28 0.292421
13 29 0.28473
13 30 0.27768
13 31 0.271271
13 32 0.265502
13 33 0.260375
13 34 0.255888
13 35 0.252043
13 36 0.248838
13 37 0.246275
13 38 0.244352
13 39 0.24307
13 40 0.242429
13 41 0.242429
13 42 0.24307
13 43 0.244352
13 44 0.246275
13 45 0.248838
13 46 0.252043
13 47 0.255888
13 48 0.260375
13 49 0.265502
13 50 0.271271
13 51 0.27768
13 52 0.28473
13 53 0.292421
13 54 0.300753
13 55 0.309726
13 56 0.31934
13 57 0.329595
13 58 0.34049
13 59 0.352027
13 60 0.364204
13 61 0.377023
13 62 0.390482
13 63 0.404583
13 64 0.419324
13 65 0.434706
13 66 0.450729
13 67 0.467393
13 68 0.484698
13 69 0.502644
13 70 0.521231
13 71 0.540458
13 72 0.560327
13 73 0.580836
13 74 0.601987
13 75 0.623778
13 76 0.646211
13 77 0.669284
13 78 0.692998
13 79 0.717353
13 80 0.742349
14 1 0.725044
14 2 0.700048
14 3 0.675693
14 4 0.651979
14 5 0.628906
14 6 0.606473
14 7 0.584682
14 8 0.563531
14 9 0.543022
14 10 0.523153
14 11 0.503926
14 12 0.485339
14 13 0.467393
14 14 0.450088
14 15 0.433424
14 16 0.417401
14 17 0.402019
14 18 0.387278
14 19 0.373177
14 20 0.359718
14 21 0.3469
14 22 0.334722
14 23 0.323185
14 24 0.31229
14 25 0.302035
14 26 0.292421
14 27 0.283448
14 28 0.275116
14 29 0.267425
14 30 0.260375
14 31 0.253966
14 32 0.248197
14 33 0.24307
14 34 0.238584
14 35 0.234738
14 36 0.231533
14 37 0.22897
14 38 0.227047
14 39 0.225765
14 40 0.225124
14 41 0.225124
14 42 0.225765
14 43 0.227047
14 44 0.22897
14 45 0.231533
14 46 0.234738
14 47 0.238584
14 48 0.24307
14 49 0.248197
14 50 0.253966
14 51 0.260375
14 52 0.267425
14 53 0.275116
14 54 0.283448
14 55 0.292421
14 56 0.302035
14 57 0.31229
14 58 0.323185
14 59 0.334722
14 60 0.3469
14 61 0.359718
14 62 0.373177
14 63 0.387278
14 64 0.402019
14 65 0.417401
14 66 0.433424
14 67 0.450088
14 68 0.467393
14 69 0.485339
14 70 0.503926
14 71 0.523153
14 72 0.543022
14 73 0.563531
14 74 0.584682
14 75 0.606473
14 76 0.628906
14 77 0.651979
14 78 0.675693
14 79 0.700048
14 80 0.725044
15 1 0.70838
15 2 0.683384
15 3 0.659029
15 4 0.635315
15 5 0.612242
15 6 0.589809
15 7 0.568018
15 8 0.546867
15 9 0.526358
15 10 0.506489
15 11 0.487262
15 12 0.468675
15 13 0.450729
15 14 0.433424
15 15 0.41676
15 16 0.400737
15 17 0.385355
15 18 0.370614
15 19 0.356513
15 20 0.343054
15 21 0.330236
15 22 0.318058
15 23 0.306521
15 24 0.295626
15 25 0.285371
15 26 0.275757
15 27 0.266784
15 28 0.258452
15 29 0.250761
15 30 0.243711
15 31 0.237302
15 32 0.231533
15 33 0.226406
15 34 0.22192
15 35 0.218074
15 36 0.214869
15 37 0.212306
15 38 0.210383
15 39 0.209101
15 40 0.20846
15 41 0.20846
15 42 0.209101
15 43 0.210383
15 44 0.212306
15 45 0.214869
15 46 0.218074
15 47 0.22192
15 48 0.226406
15 49 0.231533
15 50 0.237302
15 51 0.243711
15 52 0.250761
15 53 0.258452
15 54 0.266784
15 55 0.275757
15 56 0.285371
15 57 0.295626
15 58 0.306521
15 59 0.318058
15 60 0.330236
15 61 0.343054
15 62 0.356513
15 63 0.370614
15 64 0.385355
15 65 0.400737
15 66 0.41676
15 67 0.433424
15 68 0.450729
15 69 0.468675
15 70 0.487262
15 71 0.506489
15 72 0.526358
15 73 0.546867
15 74 0.568018
15 75 0.589809
15 76 0.612242
15 77 0.635315
15 78 0.659029
15 79 0.683384
15 80 0.70838
16 1 0.692357
16 2 0.667361
16 3 0.643006
16 4 0.619292
16 5 0.596219
16 6 0.573786
16 7 0.551995
16 8 0.530844
16 9 0.510335
16 10 0.490466
16 11 0.471239
16 12 0.452652
16 13 0.434706
16 14 0.417401
16 15 0.400737
16 16 0.384714
16 17 0.369332
16 18 0.354591
16 19 0.34049
16 20 0.327031
16 21 0.314212
16 22 0.302035
16 23 0.290498
16 24 0.279603
16 25 0.269348
16 26 0.259734
16 27 0.250761
16 28 0.242429
16 29 0.234738
16 30 0.227688
16 31 0.221279
16 32 0.21551
16 33 0.210383
16 34 0.205896
16 35 0.202051
16 36 0.198846
16 37 0.196283
16 38 0.19436
16 39 0.193078
16 40 0.192437
16 41 0.192437
16 42 0.193078
16 43 0.19436
16 44 0.196283
16 45 0.198846
16 46 0.202051
16 47 0.205896
16 48 0.210383
16 49 0.21551
16 50 0.221279
16 51 0.227688
16 52 0.234738
16 53 0.242429
16 54 0.250761
16 55 0.259734
16 56 0.269348
16 57 0.279603
16 58 0.290498
16 59 0.302035
16 60 0.314212
16 61 0.327031
16 62 0.34049
16 63 0.354591
16 64 0.369332
16 65 0.384714
16 66 0.400737
16 67 0.417401
16 68 0.434706
16 69 0.452652
16 70 0.471239
16 71 0.490466
16 72 0.510335
16 73 0.530844
16 74 0.551995
16 75 0.573786
16 76 0.596219
16 77 0.619292
16 78 0.643006
16 79 0.667361
16 80 0.692357
17 1 0.676975
17 2 0.651979
17 3 0.627624
17 4 0.60391
17 5 0.580836
17 6 0.558404
17 7 0.536613
17 8 0.515462
17 9 0.494953
17 10 0.475084
17 11 0.455856
17 12 0.43727
17 13 0.419324
17 14 0.402019
17 15 0.385355
17 16 0.369332
17 17 0.35395
17 18 0.339208
17 19 0.325108
17 20 0.311649
17 21 0.29883
17 22 0.286653
17 23 0.275116
17 24 0.26422
17 25 0.253966
17 26 0.244352
17 27 0.235379
17 28 0.227047
17 29 0.219356
17 30 0.212306
17 31 0.205896
17 32 0.200128
17 33 0.195001
17 34 0.190514
17 35 0.186669
17 36 0.183464
17 37 0.1809
17 38 0.178978
17 39 0.177696
17 40 0.177055
17 41 0.177055
17 42 0.177696
17 43 0.178978
17 44 0.1809
17 45 0.183464
17 46 0.186669
17 47 0.190514
17 48 0.195001
17 49 0.200128
17 50 0.205896
17 51 0.212306
17 52 0.219356
17 53 0.227047
17 54 0.235379
17 55 0.244352
17 56 0.253966
17 57 0.26422
17 58 0.275116
17 59 0.286653
17 60 0.29883
17 61 0.311649
17 62 0.325108
17 63 0.339208
17 64 0.35395
17 65 0.369332
17 66 0.385355
17 67 0.402019
17 68 0.419324
17 69 0.43727
17 70 0.455856
17 71 0.475084
17 72 0.494953
17 73 0.515462
17 74 0.536613
17 75 0.558404
17 76 0.580836
17 77 0.60391
17 78 0.627624
17 79 0.651979
17 80 0.676975
18 1 0.662234
18 2 0.637238
18 3 0.612883
18 4 0.589168
18 5 0.566095
18 6 0.543663
18 7 0.521871
18 8 0.500721
18 9 0.480212
18 10 0.460343
18 11 0.441115
18 12 0.422528
18 13 0.404583
18 14 0.387278
18 15 0.370614
18 16 0.354591
18 17 0.339208
18 18 0.324467
18 19 0.310367
18 20 0.296908
18 21 0.284089
18 22 0.271912
18 23 0.260375
18 24 0.249479
18 25 0.239224
18 26 0.229611
18 27 0.220638
18 28 0.212306
18 29 0.204615
18 30 0.197564
18 31 0.191155
18 32 0.185387
18 33 0.18026
18 34 0.175773
18 35 0.171928
18 36 0.168723
18 37 0.166159
18 38 0.164237
18 39 0.162955
18 40 0.162314
18 41 0.162314
18 42 0.162955
18 43 0.164237
18 44 0.166159
18 45 0.168723
18 46 0.171928
18 47 0.175773
18 48 0.18026
18 49 0.185387
18 50 0.191155
18 51 0.197564
18 52 0.204615
18 53 0.212306
18 54 0.220638
18 55 0.229611
18 56 0.239224
18 57 0.249479
18 58 0.260375
18 59 0.271912
18 60 0.284089
18 61 0.296908
18 62 0.310367
18 63 0.324467
18 64 0.339208
18 65 0.354591
18 66 0.370614
18 67 0.387278
18 68 0.404583
18 69 0.422528
18 70 0.441115
18 71 0.460343
18 72 0.480212
18 73 0.500721
18 74 0.521871
18 75 0.543663
18 76 0.566095
18 77 0.589168
18 78 0.612883
18 79 0.637238
18 80 0.662234
19 1 0.648133
19 2 0.623137
19 3 0.598782
19 4 0.575068
19 5 0.551995
19 6 0.529563
19 7 0.507771
19 8 0.486621
19 9 0.466111
19 10 0.446243
19 11 0.427015
19 12 0.408428
19 13 0.390482
19 14 0.373177
19 15 0.356513
19 16 0.34049
19 17 0.325108
19 18 0.310367
19 19 0.296267
19 20 0.282807
19 21 0.269989
19 22 0.257811
19 23 0.246275
19 24 0.235379
19 25 0.225124
19 26 0.21551
19 27 0.206537
19 28 0.198205
19 29 0.190514
19 30 0.183464
19 31 0.177055
19 32 0.171287
19 33 0.166159
19 34 0.161673
19 35 0.157827
19 36 0.154623
19 37 0.152059
19 38 0.150136
19 39 0.148854
19 40 0.148213
19 41 0.148213
19 42 0.148854
19 43 0.150136
19 44 0.152059
19 45 0.154623
19 46 0.157827
19 47 0.161673
19 48 0.166159
19 49 0.171287
19 50 0.177055
19 51 0.183464
19 52 0.190514
19 53 0.198205
19 54 0.206537
19 55 0.21551
19 56 0.225124
19 57 0.235379
19 58 0.246275
19 59 0.257811
19 60 0.269989
19 61 0.282807
19 62 0.296267
19 63 0.310367
19 64 0.325108
19 65 0.34049
19 66 0.356513
19 67 0.373177
19 68 0.390482
19 69 0.408428
19 70 0.427015
19 71 0.446243
19 72 0.466111
19 73 0.486621
19 74 0.507771
19 75 0.529563
19 76 0.551995
19 77 0.575068
19 78 0.598782
19 79 0.623137
19 80 0.648133
20 1 0.634674
20 2 0.609678
20 3 0.585323
20 4 0.561609
20 5 0.538535
20 6 0.516103
20 7 0.494312
20 8 0.473161
20 9 0.452652
20 10 0.432783
20 11 0.413556
20 12 0.394969
20 13 0.377023
20 14 0.359718
20 15 0.343054
20 16 0.327031
20 17 0.311649
20 18 0.296908
20 19 0.282807
20 20 0.269348
20 21 0.256529
20 22 0.244352
20 23 0.232815
20 24 0.22192
20 25 0.211665
20 26 0.202051
20 27 0.193078
20 28 0.184746
20 29 0.177055
20 30 0.170005
20 31 0.163596
20 32 0.157827
20 33 0.1527
20 34 0.148213
20 35 0.144368
20 36 0.141163
20 37 0.1386
20 38 0.136677
20 39 0.135395
20 40 0.134754
20 41 0.134754
20 42 0.135395
20 43 0.136677
20 44 0.1386
20 45 0.141163
20 46 0.144368
20 47 0.148213
20 48 0.1527
20 49 0.157827
20 50 0.163596
20 51 0.170005
20 52 0.177055
20 53 0.184746
20 54 0.193078
20 55 0.202051
20 56 0.211665
20 57 0.22192
20 58 0.232815
20 59 0.244352
20 60 0.256529
20 61 0.269348
20 62 0.282807
20 63 0.296908
20 64 0.311649
20 65 0.327031
20 66 0.343054
20 67 0.359718
20 68 0.377023
20 69 0.394969
20 70 0.413556
20 71 0.432783
20 72 0.452652
20 73 0.473161
20 74 0.494312
20 75 0.516103
20 76 0.538535
20 77 0.561609
20 78 0.585323
20 79 0.609678
20 80 0.634674
21 1 0.621855
21 2 0.596859
21 3 0.572504
21 4 0.54879
21 5 0.525717
21 6 0.503285
21 7 0.481493
21 8 0.460343
21 9 0.439833
21 10 0.419965
21 11 0.400737
21 12 0.38215
21 13 0.364204
21 14 0.3469
21 15 0.330236
21 16 0.314212
21 17 0.29883
21 18 0.284089
21 19 0.269989
21 20 0.256529
21 21 0.243711
21 22 0.231533
21 23 0.219997
21 24 0.209101
21 25 0.198846
21 26 0.189232
21 27 0.18026
21 28 0.171928
21 29 0.164237
21 30 0.157186
21 31 0.150777
21 32 0.145009
21 33 0.139881
21 34 0.135395
21 35 0.131549
21 36 0.128345
21 37 0.125781
21 38 0.123858
21 39 0.122577
21 40 0.121936
21 41 0.121936
21 42 0.122577
21 43 0.123858
21 44 0.125781
21 45 0.128345
21 46 0.131549
21 47 0.135395
21 48 0.139881
21 49 0.145009
21 50 0.150777
21 51 0.157186
21 52 0.164237
21 53 0.171928
21 54 0.18026
21 55 0.189232
21 56 0.198846
21 57 0.209101
21 58 0.219997
21 59 0.231533
21 60 0.243711
21 61 0.256529
21 62 0.269989
21 63 0.284089
21 64 0.29883
21 65 0.314212
21 66 0.330236
21 67 0.3469
21 68 0.364204
21 69 0.38215
21 70 0.400737
21 71 0.419965
21 72 0.439833
21 73 0.460343
21 74 0.481493
21 75 0.503285
21 76 0.525717
21 77 0.54879
21 78 0.572504
21 79 0.596859
21 80 0.621855
22 1 0.609678
22 2 0.584682
22 3 0.560327
22 4 0.536613
22 5 0.513539
22 6 0.491107
22 7 0.469316
22 8 0.448165
22 9 0.427656
22 10 0.407787
22 11 0.38856
22 12 0.369973
22 13 0.352027
22 14 0.334722
22 15 0.318058
22 16 0.302035
22 17 0.286653
22 18 0.271912
22 19 0.257811
22 20 0.244352
22 21 0.231533
22 22 0.219356
22 23 0.207819
22 24 0.196924
22 25 0.186669
22 26 0.177055
22 27 0.168082
22 28 0.15975
22 29 0.152059
22 30 0.145009
22 31 0.1386
22 32 0.132831
22 33 0.127704
22 34 0.123217
22 35 0.119372
22 36 0.116167
22 37 0.113604
22 38 0.111681
22 39 0.110399
22 40 0.109758
22 41 0.109758
22 42 0.110399
22 43 0.111681
22 44 0.113604
22 45 0.116167
22 46 0.119372
22 47 0.123217
22 48 0.127704
22 49 0.132831
22 50 0.1386
22 51 0.145009
22 52 0.152059
22 53 0.15975
22 54 0.168082
22 55 0.177055
22 56 0.186669
22 57 0.196924
22 58 0.207819
22 59 0.219356
22 60 0.231533
22 61 0.244352
22 62 0.257811
22 63 0.271912
22 64 0.286653
22 65 0.302035
22 66 0.318058
22 67 0.334722
22 68 0.352027
22 69 0.369973
22 70 0.38856
22 71 0.407787
22 72 0.427656
22 73 0.448165
22 74 0.469316
22 75 0.491107
22 76 0.513539
22 77 0.536613
22 78 0.560327
22 79 0.584682
22 80 0.609678
23 1 0.598141
23 2 0.573145
23 3 0.54879
23 4 0.525076
23 5 0.502003
23 6 0.479571
23 7 0.457779
23 8 0.436629
23 9 0.416119
23 10 0.396251
23 11 0.377023
23 12 0.358436
23 13 0.34049
23 14 0.323185
23 15 0.306521
23 16 0.290498
23 17 0.275116
23 18 0.260375
23 19 0.246275
23 20 0.232815
23 21 0.219997
23 22 0.207819
23 23 0.196283
23 24 0.185387
23 25 0.175132
23 26 0.165518
23 27 0.156545
23 28 0.148213
23 29 0.140522
23 30 0.133472
23 31 0.127063
23 32 0.121295
23 33 0.116167
23 34 0.111681
23 35 0.107835
23 36 0.104631
23 37 0.102067
23 38 0.100144
23 39 0.0988624
23 40 0.0982214
23 41 0.0982214
23 42 0.0988624
23 43 0.100144
23 44 0.102067
23 45 0.104631
23 46 0.107835
23 47 0.111681
23 48 0.116167
23 49 0.121295
23 50 0.127063
23 51 0.133472
23 52 0.140522
23 53 0.148213
23 54 0.156545
23 55 0.165518
23 56 0.175132
23 57 0.185387
23 58 0.196283
23 59 0.207819
23 60 0.219997
23 61 0.232815
23 62 0.246275
23 63 0.260375
23 64 0.275116
23 65 0.290498
23 66 0.306521
23 67 0.323185
23 68 0.34049
23 69 0.358436
23 70 0.377023
23 71 0.396251
23 72 0.416119
23 73 0.436629
23 74 0.457779
23 75 0.479571
23 76 0.502003
23 77 0.525076
23 78 0.54879
23 79 0.573145
23 80 0.598141
24 1 0.587246
24 2 0.56225
24 3 0.537895
24 4 0.51418
24 5 0.491107
24 6 0.468675
24 7 0.446884
24 8 0.425733
24 9 0.405224
24 10 0.385355
24 11 0.366127
24 12 0.34754
24 13 0.329595
24 14 0.31229
24 15 0.295626
24 16 0.279603
24 17 0.26422
24 18 0.249479
24 19 0.235379
24 20 0.22192
24 21 0.209101
24 22 0.196924
24 23 0.185387
24 24 0.174491
24 25 0.164237
24 26 0.154623
24 27 0.14565
24 28 0.137318
24 29 0.129627
24 30 0.122577
24 31 0.116167
24 32 0.110399
24 33 0.105272
24 34 0.100785
24 35 0.0969396
24 36 0.093735
24 37 0.0911713
24 38 0.0892485
24 39 0.0879667
24 40 0.0873257
24 41 0.0873257
24 42 0.0879667
24 43 0.0892485
24 44 0.0911713
24 45 0.093735
24 46 0.0969396
24 47 0.100785
24 48 0.105272
24 49 0.110399
24 50 0.116167
24 51 0.122577
24 52 0.129627
24 53 0.137318
24 54 0.14565
24 55 0.154623
24 56 0.164237
24 57 0.174491
24 58 0.185387
24 59 0.196924
24 60 0.209101
24 61 0.22192
24 62 0.235379
24 63 0.249479
24 64 0.26422
24 65 0.279603
24 66 0.295626
24 67 0.31229
24 68 0.329595
24 69 0.34754
24 70 0.366127
24 71 0.385355
24 72 0.405224
24 73 0.425733
24 74 0.446884
24 75 0.468675
24 76 0.491107
24 77 0.51418
24 78 0.537895
24 79 0.56225
24 80 0.587246
25 1 0.576991
25 2 0.551995
25 3 0.52764
25 4 0.503926
25 5 0.480852
25 6 0.45842
25 7 0.436629
25 8 0.415478
25 9 0.394969
25 10 0.3751
25 11 0.355872
25 12 0.337286
25 13 0.31934
25 14 0.302035
25 15 0.285371
25 16 0.269348
25 17 0.253966
25 18 0.239224
25 19 0.225124
25 20 0.211665
25 21 0.198846
25 22 0.186669
25 23 0.175132
25 24 0.164237
25 25 0.153982
25 26 0.144368
25 27 0.135395
25 28 0.127063
25 29 0.119372
25 30 0.112322
25 31 0.105913
25 32 0.100144
25 33 0.0950168
25 34 0.0905304
25 35 0.0866848
25 36 0.0834802
25 37 0.0809165
25 38 0.0789938
25 39 0.0777119
25 40 0.077071
25 41 0.077071
25 42 0.0777119
25 43 0.0789938
25 44 0.0809165
25 45 0.0834802
25 46 0.0866848
25 47 0.0905304
25 48 0.0950168
25 49 0.100144
25 50 0.105913
25 51 0.112322
25 52 0.119372
25 53 0.127063
25 54 0.135395
25 55 0.144368
25 56 0.153982
25 57 0.164237
25 58 0.175132
25 59 0.186669
25 60 0.198846
25 61 0.211665
25 62 0.225124
25 63 0.239224
25 64 0.253966
25 65 0.269348
25 66 0.285371
25 67 0.302035
25 68 0.31934
25 69 0.337286
25 70 0.355872
25 71 0.3751
25 72 0.394969
25 73 0.415478
25 74 0.436629
25 75 0.45842
25 76 0.480852
25 77 0.503926
25 78 0.52764
25 79 0.551995
25 80 0.576991
26 1 0.567377
26 2 0.542381
26 3 0.518026
26 4 0.494312
26 5 0.471239
26 6 0.448806
26 7 0.427015
26 8 0.405864
26 9 0.385355
26 10 0.365486
26 11 0.346259
26 12 0.327672
26 13 0.309726
26 14 0.292421
26 15 0.275757
26 16 0.259734
26 17 0.244352
26 18 0.229611
26 19 0.21551
26 20 0.202051
26 21 0.189232
26 22 0.177055
26 23 0.165518
26 24 0.154623
26 25 0.144368
26 26 0.134754
26 27 0.125781
26 28 0.117449
26 29 0.109758
26 30 0.102708
26 31 0.0962987
26 32 0.0905304
26 33 0.085403
26 34 0.0809165
26 35 0.077071
26 36 0.0738664
26 37 0.0713027
26 38 0.0693799
26 39 0.0680981
26 40 0.0674571
26 41 0.0674571
26 42 0.0680981
26 43 0.0693799
26 44 0.0713027
26 45 0.0738664
26 46 0.077071
26 47 0.0809165
26 48 0.085403
26 49 0.0905304
26 50 0.0962987
26 51 0.102708
26 52 0.109758
26 53 0.117449
26 54 0.125781
26 55 0.134754
26 56 0.144368
26 57 0.154623
26 58 0.165518
26 59 0.177055
26 60 0.189232
26 61 0.202051
26 62 0.21551
26 63 0.229611
26 64 0.244352
26 65 0.259734
26 66 0.275757
26 67 0.292421
26 68 0.309726
26 69 0.327672
26 70 0.346259
26 71 0.365486
26 72 0.385355
26 73 0.405864
26 74 0.427015
26 75 0.448806
26 76 0.471239
26 77 0.494312
26 78 0.518026
26 79 0.542381
26 80 0.567377
27 1 0.558404
27 2 0.533408
27 3 0.509053
27 4 0.485339
27 5 0.462266
27 6 0.439833
27 7 0.418042
27 8 0.396892
27 9 0.376382
27 10 0.356513
27 11 0.337286
27 12 0.318699
27 13 0.300753
27 14 0.283448
27 15 0.266784
27 16 0.250761
27 17 0.235379
27 18 0.220638
27 19 0.206537
27 20 0.193078
27 21 0.18026
27 22 0.168082
27 23 0.156545
27 24 0.14565
27 25 0.135395
27 26 0.125781
27 27 0.116808
27 28 0.108476
27 29 0.100785
27 30 0.093735
27 31 0.0873257
27 32 0.0815574
27 33 0.0764301
27 34 0.0719436
27 35 0.0680981
27 36 0.0648934
27 37 0.0623298
27 38 0.060407
27 39 0.0591251
27 40 0.0584842
27 41 0.0584842
27 42 0.0591251
27 43 0.060407
27 44 0.0623298
27 45 0.0648934
27 46 0.0680981
27 47 0.0719436
27 48 0.0764301
27 49 0.0815574
27 50 0.0873257
27 51 0.093735
27 52 0.100785
27 53 0.108476
27 54 0.116808
27 55 0.125781
27 56 0.135395
27 57 0.14565
27 58 0.156545
27 59 0.168082
27 60 0.18026
27 61 0.193078
27 62 0.206537
27 63 0.220638
27 64 0.235379
27 65 0.250761
27 66 0.266784
27 67 0.283448
27 68 0.300753
27 69 0.318699
27 70 0.337286
27 71 0.356513
27 72 0.376382
27 73 0.396892
27 74 0.418042
27 75 0.439833
27 76 0.462266
27 77 0.485339
27 78 0.509053
27 79 0.533408
27 80 0.558404
28 1 0.550072
28 2 0.525076
28 3 0.500721
28 4 0.477007
28 5 0.453934
28 6 0.431501
28 7 0.40971
28 8 0.38856
28 9 0.36805
28 10 0.348181
28 11 0.328954
28 12 0.310367
28 13 0.292421
28 14 0.275116
28 15 0.258452
28 16 0.242429
28 17 0.227047
28 18 0.212306
28 19 0.198205
28 20 0.184746
28 21 0.171928
28 22 0.15975
28 23 0.148213
28 24 0.137318
28 25 0.127063
28 26 0.117449
28 27 0.108476
28 28 0.100144
28 29 0.0924531
28 30 0.085403
28 31 0.0789938
28 32 0.0732254
28 33 0.0680981
28 34 0.0636116
28 35 0.0597661
28 36 0.0565614
28 37 0.0539978
28 38 0.052075
28 39 0.0507931
28 40 0.0501522
28 41 0.0501522
28 42 0.0507931
28 43 0.052075
28 44 0.0539978
28 45 0.0565614
28 46 0.0597661
28 47 0.0636116
28 48 0.0680981
28 49 0.0732254
28 50 0.0789938
28 51 0.085403
28 52 0.0924531
28 53 0.100144
28 54 0.108476
28 55 0.117449
28 56 0.127063
28 57 0.137318
28 58 0.148213
28 59 0.15975
28 60 0.171928
28 61 0.184746
28 62 0.198205
28 63 0.212306
28 64 0.227047
28 65 0.242429
28 66 0.258452
28 67 0.275116
28 68 0.292421
28 69 0.310367
28 70 0.328954
28 71 0.348181
28 72 0.36805
28 73 0.38856
28 74 0.40971
28 75 0.431501
28 76 0.453934
28 77 0.477007
28 78 0.500721
28 79 0.525076
28 80 0.550072
29 1 0.542381
29 2 0.517385
29 3 0.49303
29 4 0.469316
29 5 0.446243
29 6 0.42381
29 7 0.402019
29 8 0.380868
29 9 0.360359
29 10 0.34049
29 11 0.321263
29 12 0.302676
29 13 0.28473
29 14 0.267425
29 15 0.250761
29 16 0.234738
29 17 0.219356
29 18 0.204615
29 19 0.190514
29 20 0.177055
29 21 0.164237
29 22 0.152059
29 23 0.140522
29 24 0.129627
29 25 0.119372
29 26 0.109758
29 27 0.100785
29 28 0.0924531
29 29 0.0847621
29 30 0.0777119
29 31 0.0713027
29 32 0.0655344
29 33 0.060407
29 34 0.0559205
29 35 0.052075
29 36 0.0488704
29 37 0.0463067
29 38 0.0443839
29 39 0.0431021
29 40 0.0424611
29 41 0.0424611
29 42 0.0431021
29 43 0.0443839
29 44 0.0463067
29 45 0.0488704
29 46 0.052075
29 47 0.0559205
29 48 0.060407
29 49 0.0655344
29 50 0.0713027
29 51 0.0777119
29 52 0.0847621
29 53 0.0924531
29 54 0.100785
29 55 0.109758
29 56 0.119372
29 57 0.129627
29 58 0.140522
29 59 0.152059
29 60 0.164237
29 61 0.177055
29 62 0.190514
29 63 0.204615
29 64 0.219356
29 65 0.234738
29 66 0.250761
29 67 0.267425
29 68 0.28473
29 69 0.302676
29 70 0.321263
29 71 0.34049
29 72 0.360359
29 73 0.380868
29 74 0.402019
29 75 0.42381
29 76 0.446243
29 77 0.469316
29 78 0.49303
29 79 0.517385
29 80 0.542381
30 1 0.535331
30 2 0.510335
30 3 0.48598
30 4 0.462266
30 5 0.439192
30 6 0.41676
30 7 0.394969
30 8 0.373818
30 9 0.353309
30 10 0.33344
30 11 0.314212
30 12 0.295626
30 13 0.27768
30 14 0.260375
30 15 0.243711
30 16 0.227688
30 17 0.212306
30 18 0.197564
30 19 0.183464
30 20 0.170005
30 21 0.157186
30 22 0.145009
30 23 0.133472
30 24 0.122577
30 25 0.112322
30 26 0.102708
30 27 0.093735
30 28 0.085403
30 29 0.0777119
30 30 0.0706618
30 31 0.0642525
30 32 0.0584842
30 33 0.0533568
30 34 0.0488704
30 35 0.0450248
30 36 0.0418202
30 37 0.0392565
30 38 0.0373338
30 39 0.0360519
30 40 0.035411
30 41 0.035411
30 42 0.0360519
30 43 0.0373338
30 44 0.0392565
30 45 0.0418202
30 46 0.0450248
30 47 0.0488704
30 48 0.0533568
30 49 0.0584842
30 50 0.0642525
30 51 0.0706618
30 52 0.0777119
30 53 0.085403
30 54 0.093735
30 55 0.102708
30 56 0.112322
30 57 0.122577
30 58 0.133472
30 59 0.145009
30 60 0.157186
30 61 0.170005
30 62 0.183464
30 63 0.197564
30 64 0.212306
30 65 0.227688
30 66 0.243711
30 67 0.260375
30 68 0.27768
30 69 0.295626
30 70 0.314212
30 71 0.33344
30 72 0.353309
30 73 0.373818
30 74 0.394969
30 75 0.41676
30 76 0.439192
30 77 0.462266
30 78 0.48598
30 79 0.510335
30 80 0.535331
31 1 0.528922
31 2 0.503926
31 3 0.479571
31 4 0.455856
31 5 0.432783
31 6 0.410351
31 7 0.38856
31 8 0.367409
31 9 0.3469
31 10 0.327031
31 11 0.307803
31 12 0.289216
31 13 0.271271
31 14 0.253966
31 15 0.237302
31 16 0.221279
31 17 0.205896
31 18 0.191155
31 19 0.177055
31 20 0.163596
31 21 0.150777
31 22 0.1386
31 23 0.127063
31 24 0.116167
31 25 0.105913
31 26 0.0962987
31 27 0.0873257
31 28 0.0789938
31 29 0.0713027
31 30 0.0642525
31 31 0.0578433
31 32 0.052075
31 33 0.0469476
31 34 0.0424611
31 35 0.0386156
31 36 0.035411
31 37 0.0328473
31 38 0.0309245
31 39 0.0296427
31 40 0.0290018
31 41 0.0290018
31 42 0.0296427
31 43 0.0309245
31 44 0.0328473
31 45 0.035411
31 46 0.0386156
31 47 0.0424611
31 48 0.0469476
31 49 0.052075
31 50 0.0578433
31 51 0.0642525
31 52 0.0713027
31 53 0.0789938
31 54 0.0873257
31 55 0.0962987
31 56 0.105913
31 57 0.116167
31 58 0.127063
31 59 0.1386
31 60 0.150777
31 61 0.163596
31 62 0.177055
31 63 0.191155
31 64 0.205896
31 65 0.221279
31 66 0.237302
31 67 0.253966
31 68 0.271271
31 69 0.289216
31 70 0.307803
31 71 0.327031
31 72 0.3469
31 73 0.367409
31 74 0.38856
31 75 0.410351
31 76 0.432783
31 77 0.455856
31 78 0.479571
31 79 0.503926
31 80 0.528922
32 1 0.523153
32 2 0.498157
32 3 0.473802
32 4 0.450088
32 5 0.427015
32 6 0.404583
32 7 0.382791
32 8 0.361641
32 9 0.341131
32 10 0.321263
32 11 0.302035
32 12 0.283448
32 13 0.265502
32 14 0.248197
32 15 0.231533
32 16 0.21551
32 17 0.200128
32 18 0.185387
32 19 0.171287
32 20 0.157827
32 21 0.145009
32 22 0.132831
32 23 0.121295
32 24 0.110399
32 25 0.100144
32 26 0.0905304
32 27 0.0815574
32 28 0.0732254
32 29 0.0655344
32 30 0.0584842
32 31 0.052075
32 32 0.0463067
32 33 0.0411793
32 34 0.0366928
32 35 0.0328473
32 36 0.0296427
32 37 0.027079
32 38 0.0251562
32 39 0.0238744
32 40 0.0232335
32 41 0.0232335
32 42 0.0238744
32 43 0.0251562
32 44 0.027079
32 45 0.0296427
32 46 0.0328473
32 47 0.0366928
32 48 0.0411793
32 49 0.0463067
32 50 0.052075
32 51 0.0584842
32 52 0.0655344
32 53 0.0732254
32 54 0.0815574
32 55 0.0905304
32 56 0.100144
32 57 0.110399
32 58 0.121295
32 59 0.132831
32 60 0.145009
32 61 0.157827
32 62 0.171287
32 63 0.185387
32 64 0.200128
32 65 0.21551
32 66 0.231533
32 67 0.248197
32 68 0.265502
32 69 0.283448
32 70 0.302035
32 71 0.321263
32 72 0.341131
32 73 0.361641
32 74 0.382791
32 75 0.404583
32 76 0.427015
32 77 0.450088
32 78 0.473802
32 79 0.498157
32 80 0.523153
33 1 0.518026
33 2 0.49303
33 3 0.468675
33 4 0.444961
33 5 0.421888
33 6 0.399455
33 7 0.377664
33 8 0.356513
33 9 0.336004
33 10 0.316135
33 11 0.296908
33 12 0.278321
33 13 0.260375
33 14 0.24307
33 15 0.226406
33 16 0.210383
33 17 0.195001
33 18 0.18026
33 19 0.166159
33 20 0.1527
33 21 0.139881
33 22 0.127704
33 23 0.116167
33 24 0.105272
33 25 0.0950168
33 26 0.085403
33 27 0.0764301
33 28 0.0680981
33 29 0.060407
33 30 0.0533568
33 31 0.0469476
33 32 0.0411793
33 33 0.0360519
33 34 0.0315655
33 35 0.0277199
33 36 0.0245153
33 37 0.0219516
33 38 0.0200288
33 39 0.018747
33 40 0.0181061
33 41 0.0181061
33 42 0.018747
33 43 0.0200288
33 44 0.0219516
33 45 0.0245153
33 46 0.0277199
33 47 0.0315655
33 48 0.0360519
33 49 0.0411793
33 50 0.0469476
33 51 0.0533568
33 52 0.060407
33 53 0.0680981
33 54 0.0764301
33 55 0.085403
33 56 0.0950168
33 57 0.105272
33 58 0.116167
33 59 0.127704
33 60 0.139881
33 61 0.1527
33 62 0.166159
33 63 0.18026
33 64 0.195001
33 65 0.210383
33 66 0.226406
33 67 0.24307
33 68 0.260375
33 69 0.278321
33 70 0.296908
33 71 0.316135
33 72 0.336004
33 73 0.356513
33 74 0.377664
33 75 0.399455
33 76 0.421888
33 77 0.444961
33 78 0.468675
33 79 0.49303
33 80 0.518026
34 1 0.513539
34 2 0.488544
34 3 0.464188
34 4 0.440474
34 5 0.417401
34 6 0.394969
34 7 0.373177
34 8 0.352027
34 9 0.331517
34 10 0.311649
34 11 0.292421
34 12 0.273834
34 13 0.255888
34 14 0.238584
34 15 0.22192
34 16 0.205896
34 17 0.190514
34 18 0.175773
34 19 0.161673
34 20 0.148213
34 21 0.135395
34 22 0.123217
34 23 0.111681
34 24 0.100785
34 25 0.0905304
34 26 0.0809165
34 27 0.0719436
34 28 0.0636116
34 29 0.0559205
34 30 0.0488704
34 31 0.0424611
34 32 0.0366928
34 33 0.0315655
34 34 0.027079
34 35 0.0232335
34 36 0.0200288
34 37 0.0174651
34 38 0.0155424
34 39 0.0142605
34 40 0.0136196
34 41 0.0136196
34 42 0.0142605
34 43 0.0155424
34 44 0.0174651
34 45 0.0200288
34 46 0.0232335
34 47 0.027079
34 48 0.0315655
34 49 0.0366928
34 50 0.0424611
34 51 0.0488704
34 52 0.0559205
34 53 0.0636116
34 54 0.0719436
34 55 0.0809165
34 56 0.0905304
34 57 0.100785
34 58 0.111681
34 59 0.123217
34 60 0.135395
34 61 0.148213
34 62 0.161673
34 63 0.175773
34 64 0.190514
34 65 0.205896
34 66 0.22192
34 67 0.238584
34 68 0.255888
34 69 0.273834
34 70 0.292421
34 71 0.311649
34 72 0.331517
34 73 0.352027
34 74 0.373177
34 75 0.394969
34 76 0.417401
34 77 0.440474
34 78 0.464188
34 79 0.488544
34 80 0.513539
35 1 0.509694
35 2 0.484698
35 3 0.460343
35 4 0.436629
35 5 0.413556
35 6 0.391123
35 7 0.369332
35 8 0.348181
35 9 0.327672
35 10 0.307803
35 11 0.288576
35 12 0.269989
35 13 0.252043
35 14 0.234738
35 15 0.218074
35 16 0.202051
35 17 0.186669
35 18 0.171928
35 19 0.157827
35 20 0.144368
35 21 0.131549
35 22 0.119372
35 23 0.107835
35 24 0.0969396
35 25 0.0866848
35 26 0.077071
35 27 0.0680981
35 28 0.0597661
35 29 0.052075
35 30 0.0450248
35 31 0.0386156
35 32 0.0328473
35 33 0.0277199
35 34 0.0232335
35 35 0.0193879
35 36 0.0161833
35 37 0.0136196
35 38 0.0116968
35 39 0.010415
35 40 0.00977407
35 41 0.00977407
35 42 0.010415
35 43 0.0116968
35 44 0.0136196
35 45 0.0161833
35 46 0.0193879
35 47 0.0232335
35 48 0.0277199
35 49 0.0328473
35 50 0.0386156
35 51 0.0450248
35 52 0.052075
35 53 0.0597661
35 54 0.0680981
35 55 0.077071
35 56 0.0866848
35 57 0.0969396
35 58 0.107835
35 59 0.119372
35 60 0.131549
35 61 0.144368
35 62 0.157827
35 63 0.171928
35 64 0.186669
35 65 0.202051
35 66 0.218074
35 67 0.234738
35 68 0.252043
35 69 0.269989
35 70 0.288576
35 71 0.307803
35 72 0.327672
35 73 0.348181
35 74 0.369332
35 75 0.391123
35 76 0.413556
35 77 0.436629
35 78 0.460343
35 79 0.484698
35 80 0.509694
36 1 0.506489
36 2 0.481493
36 3 0.457138
36 4 0.433424
36 5 0.410351
36 6 0.387919
36 7 0.366127
36 8 0.344977
36 9 0.324467
36 10 0.304599
36 11 0.285371
36 12 0.266784
36 13 0.248838
36 14 0.231533
36 15 0.214869
36 16 0.198846
36 17 0.183464
36 18 0.168723
36 19 0.154623
36 20 0.141163
36 21 0.128345
36 22 0.116167
36 23 0.104631
36 24 0.093735
36 25 0.0834802
36 26 0.0738664
36 27 0.0648934
36 28 0.0565614
36 29 0.0488704
36 30 0.0418202
36 31 0.035411
36 32 0.0296427
36 33 0.0245153
36 34 0.0200288
36 35 0.0161833
36 36 0.0129787
36 37 0.010415
36 38 0.00849223
36 39 0.00721038
36 40 0.00656946
36 41 0.00656946
36 42 0.00721038
36 43 0.00849223
36 44 0.010415
36 45 0.0129787
36 46 0.0161833
36 47 0.0200288
36 48 0.0245153
36 49 0.0296427
36 50 0.035411
36 51 0.0418202
36 52 0.0488704
36 53 0.0565614
36 54 0.0648934
36 55 0.0738664
36 56 0.0834802
36 57 0.093735
36 58 0.104631
36 59 0.116167
36 60 0.128345
36 61 0.141163
36 62 0.154623
36 63 0.168723
36 64 0.183464
36 65 0.198846
36 66 0.214869
36 67 0.231533
36 68 0.248838
36 69 0.266784
36 70 0.285371
36 71 0.304599
36 72 0.324467
36 73 0.344977
36 74 0.366127
36 75 0.387919
36 76 0.410351
36 77 0.433424
36 78 0.457138
36 79 0.481493
36 80 0.506489
37 1 0.503926
37 2 0.47893
37 3 0.454575
37 4 0.43086
37 5 0.407787
37 6 0.385355
37 7 0.363564
37 8 0.342413
37 9 0.321904
37 10 0.302035
37 11 0.282807
37 12 0.26422
37 13 0.246275
37 14 0.22897
37 15 0.212306
37 16 0.196283
37 17 0.1809
37 18 0.166159
37 19 0.152059
37 20 0.1386
37 21 0.125781
37 22 0.113604
37 23 0.102067
37 24 0.0911713
37 25 0.0809165
37 26 0.0713027
37 27 0.0623298
37 28 0.0539978
37 29 0.0463067
37 30 0.0392565
37 31 0.0328473
37 32 0.027079
37 33 0.0219516
37 34 0.0174651
37 35 0.0136196
37 36 0.010415
37 37 0.00785131
37 38 0.00592854
37 39 0.00464669
37 40 0.00400577
37 41 0.00400577
37 42 0.00464669
37 43 0.00592854
37 44 0.00785131
37 45 0.010415
37 46 0.0136196
37 47 0.0174651
37 48 0.0219516
37 49 0.027079
37 50 0.0328473
37 51 0.0392565
37 52 0.0463067
37 53 0.0539978
37 54 0.0623298
37 55 0.0713027
37 56 0.0809165
37 57 0.0911713
37 58 0.102067
37 59 0.113604
37 60 0.125781
37 61 0.1386
37 62 0.152059
37 63 0.166159
37 64 0.1809
37 65 0.196283
37 66 0.212306
37 67 0.22897
37 68 0.246275
37 69 0.26422
37 70 0.282807
37 71 0.302035
37 72 0.321904
37 73 0.342413
37 74 0.363564
37 75 0.385355
37 76 0.407787
37 77 0.43086
37 78 0.454575
37 79 0.47893
37 80 0.503926
38 1 0.502003
38 2 0.477007
38 3 0.452652
38 4 0.428938
38 5 0.405864
38 6 0.383432
38 7 0.361641
38 8 0.34049
38 9 0.319981
38 10 0.300112
38 11 0.280884
38 12 0.262298
38 13 0.244352
38 14 0.227047
38 15 0.210383
38 16 0.19436
38 17 0.178978
38 18 0.164237
38 19 0.150136
38 20 0.136677
38 21 0.123858
38 22 0.111681
38 23 0.100144
38 24 0.0892485
38 25 0.0789938
38 26 0.0693799
38 27 0.060407
38 28 0.052075
38 29 0.0443839
38 30 0.0373338
38 31 0.0309245
38 32 0.0251562
38 33 0.0200288
38 34 0.0155424
38 35 0.0116968
38 36 0.00849223
38 37 0.00592854
38 38 0.00400577
38 39 0.00272392
38 40 0.002083
38 41 0.002083
38 42 0.00272392
38 43 0.00400577
38 44 0.00592854
38 45 0.00849223
38 46 0.0116968
38 47 0.0155424
38 48 0.0200288
38 49 0.0251562
38 50 0.0309245
38 51 0.0373338
38 52 0.0443839
38 53 0.052075
38 54 0.060407
38 55 0.0693799
38 56 0.0789938
38 57 0.0892485
38 58 0.100144
38 59 0.111681
38 60 0.123858
38 61 0.136677
38 62 0.150136
38 63 0.164237
38 64 0.178978
38 65 0.19436
38 66 0.210383
38 67 0.227047
38 68 0.244352
38 69 0.262298
38 70 0.280884
38 71 0.300112
38 72 0.319981
38 73 0.34049
38 74 0.361641
38 75 0.383432
38 76 0.405864
38 77 0.428938
38 78 0.452652
38 79 0.477007
38 80 0.502003
39 1 0.500721
39 2 0.475725
39 3 0.45137
39 4 0.427656
39 5 0.404583
39 6 0.38215
39 7 0.360359
39 8 0.339208
39 9 0.318699
39 10 0.29883
39 11 0.279603
39 12 0.261016
39 13 0.24307
39 14 0.225765
39 15 0.209101
39 16 0.193078
39 17 0.177696
39 18 0.162955
39 19 0.148854
39 20 0.135395
39 21 0.122577
39 22 0.110399
39 23 0.0988624
39 24 0.0879667
39 25 0.0777119
39 26 0.0680981
39 27 0.0591251
39 28 0.0507931
39 29 0.0431021
39 30 0.0360519
39 31 0.0296427
39 32 0.0238744
39 33 0.018747
39 34 0.0142605
39 35 0.010415
39 36 0.00721038
39 37 0.00464669
39 38 0.00272392
39 39 0.00144208
39 40 0.000801154
39 41 0.000801154
39 42 0.00144208
39 43 0.00272392
39 44 0.00464669
39 45 0.00721038
39 46 0.010415
39 47 0.0142605
39 48 0.018747
39 49 0.0238744
39 50 0.0296427
39 51 0.0360519
39 52 0.0431021
39 53 0.0507931
39 54 0.0591251
39 55 0.0680981
39 56 0.0777119
39 57 0.0879667
39 58 0.0988624
39 59 0.110399
39 60 0.122577
39 61 0.135395
39 62 0.148854
39 63 0.162955
39 64 0.177696
39 65 0.193078
39 66 0.209101
39 67 0.225765
39 68 0.24307
39 69 0.261016
39 70 0.279603
39 71 0.29883
39 72 0.318699
39 73 0.339208
39 74 0.360359
39 75 0.38215
39 76 0.404583
39 77 0.427656
39 78 0.45137
39 79 0.475725
39 80 0.500721
40 1 0.50008
40 2 0.475084
40 3 0.450729
40 4 0.427015
40 5 0.403942
40 6 0.381509
40 7 0.359718
40 8 0.338568
40 9 0.318058
40 10 0.298189
40 11 0.278962
40 12 0.260375
40 13 0.242429
40 14 0.225124
40 15 0.20846
40 16 0.192437
40 17 0.177055
40 18 0.162314
40 19 0.148213
40 20 0.134754
40 21 0.121936
40 22 0.109758
40 23 0.0982214
40 24 0.0873257
40 25 0.077071
40 26 0.0674571
40 27 0.0584842
40 28 0.0501522
40 29 0.0424611
40 30 0.035411
40 31 0.0290018
40 32 0.0232335
40 33 0.0181061
40 34 0.0136196
40 35 0.00977407
40 36 0.00656946
40 37 0.00400577
40 38 0.002083
40 39 0.000801154
40 40 0.000160231
40 41 0.000160231
40 42 0.000801154
40 43 0.002083
40 44 0.00400577
40 45 0.00656946
40 46 0.00977407
40 47 0.0136196
40 48 0.0181061
40 49 0.0232335
40 50 0.0290018
40 51 0.035411
40 52 0.0424611
40 53 0.0501522
40 54 0.0584842
40 55 0.0674571
40 56 0.077071
40 57 0.0873257
40 58 0.0982214
40 59 0.109758
40 60 0.121936
40 61 0.134754
40 62 0.148213
40 63 0.162314
40 64 0.177055
40 65 0.192437
40 66 0.20846
40 67 0.225124
40 68 0.242429
40 69 0.260375
40 70 0.278962
40 71 0.298189
40 72 0.318058
40 73 0.338568
40 74 0.359718
40 75 0.381509
40 76 0.403942
40 77 0.427015
40 78 0.450729
40 79 0.475084
40 80 0.50008
41 1 0.50008
41 2 0.475084
41 3 0.450729
41 4 0.427015
41 5 0.403942
41 6 0.381509
41 7 0.359718
41 8 0.338568
41 9 0.318058
41 10 0.298189
41 11 0.278962
41 12 0.260375
41 13 0.242429
41 14 0.225124
41 15 0.20846
41 16 0.192437
41 17 0.177055
41 18 0.162314
41 19 0.148213
41 20 0.134754
41 21 0.121936
41 22 0.109758
41 23 0.0982214
41 24 0.0873257
41 25 0.077071
41 26 0.0674571
41 27 0.0584842
41 28 0.0501522
41 29 0.0424611
41 30 0.035411
41 31 0.0290018
41 32 0.0232335
41 33 0.0181061
41 34 0.0136196
41 35 0.00977407
41 36 0.00656946
41 37 0.00400577
41 38 0.002083
41 39 0.000801154
41 40 0.000160231
41 41 0.000160231
41 42 0.000801154
41 43 0.002083
41 44 0.00400577
41 45 0.00656946
41 46 0.00977407
41 47 0.0136196
41 48 0.0181061
41 49 0.0232335
41 50 0.0290018
41 51 0.035411
41 52 0.0424611
41 53 0.0501522
41 54 0.0584842
41 55 0.0674571
41 56 0.077071
41 57 0.0873257
41 58 0.0982214
41 59 0.109758
41 60 0.121936
41 61 0.134754
41 62 0.148213
41 63 0.162314
41 64 0.177055
41 65 0.192437
41 66 0.20846
41 67 0.225124
41 68 0.242429
41 69 0.260375
41 70 0.278962
41 71 0.298189
41 72 0.318058
41 73 0.338568
41 74 0.359718
41 75 0.381509
41 76 0.403942
41 77 0.427015
41 78 0.450729
41 79 0.475084
41 80 0.50008
42 1 0.500721
42 2 0.475725
42 3 0.45137
42 4 0.427656
42 5 0.404583
42 6 0.38215
42 7 0.360359
42 8 0.339208
42 9 0.318699
42 10 0.29883
42 11 0.279603
42 12 0.261016
42 13 0.24307
42 14 0.225765
42 15 0.209101
42 16 0.193078
42 17 0.177696
42 18 0.162955
42 19 0.148854
42 20 0.135395
42 21 0.122577
42 22 0.110399
42 23 0.0988624
42 24 0.0879667
42 25 0.0777119
42 26 0.0680981
42 27 0.0591251
42 28 0.0507931
42 29 0.0431021
42 30 0.0360519
42 31 0.0296427
42 32 0.0238744
42 33 0.018747
42 34 0.0142605
42 35 0.010415
42 36 0.00721038
42 37 0.00464669
42 38 0.00272392
42 39 0.00144208
42 40 0.000801154
42 41 0.000801154
42 42 0.00144208
42 43 0.00272392
42 44 0.00464669
42 45 0.00721038
42 46 0.010415
42 47 0.0142605
42 48 0.018747
42 49 0.0238744
42 50 0.0296427
42 51 0.0360519
42 52 0.0431021
42 53 0.0507931
42 54 0.0591251
42 55 0.0680981
42 56 0.0777119
42 57 0.0879667
42 58 0.0988624
42 59 0.110399
42 60 0.122577
42 61 0.135395
42 62 0.148854
42 63 0.162955
42 64 0.177696
42 65 0.193078
42 66 0.209101
42 67 0.225765
42 68 0.24307
42 69 0.261016
42 70 0.279603
42 71 0.29883
42 72 0.318699
42 73 0.339208
42 74 0.360359
42 75 0.38215
42 76 0.404583
42 77 0.427656
42 78 0.45137
42 79 0.475725
42 80 0.500721
43 1 0.502003
43 2 0.477007
43 3 0.452652
43 4 0.428938
43 5 0.405864
43 6 0.383432
43 7 0.361641
43 8 0.34049
43 9 0.319981
43 10 0.300112
43 11 0.280884
43 12 0.262298
43 13 0.244352
43 14 0.227047
43 15 0.210383
43 16 0.19436
43 17 0.178978
43 18 0.164237
43 19 0.150136
43 20 0.136677
43 21 0.123858
43 22 0.111681
43 23 0.100144
43 24 0.0892485
43 25 0.0789938
43 26 0.0693799
43 27 0.060407
43 28 0.052075
43 29 0.0443839
43 30 0.0373338
43 31 0.0309245
43 32 0.0251562
43 33 0.0200288
43 34 0.0155424
43 35 0.0116968
43 36 0.00849223
43 37 0.00592854
43 38 0.00400577
43 39 0.00272392
43 40 0.002083
43 41 0.002083
43 42 0.00272392
43 43 0.00400577
43 44 0.00592854
43 45 0.00849223
43 46 0.0116968
43 47 0.0155424
43 48 0.0200288
43 49 0.0251562
43 50 0.0309245
43 51 0.0373338
43 52 0.0443839
43 53 0.052075
43 54 0.060407
43 55 0.0693799
43 56 0.0789938
43 57 0.0892485
43 58 0.100144
43 59 0.111681
43 60 0.123858
43 61 0.136677
43 62 0.150136
43 63 0.164237
43 64 0.178978
43 65 0.19436
43 66 0.210383
43 67 0.227047
43 68 0.244352
43 69 0.262298
43 70 0.280884
43 71 0.300112
43 72 0.319981
43 73 0.34049
43 74 0.361641
43 75 0.383432
43 76 0.405864
43 77 0.428938
43 78 0.452652
43 79 0.477007
43 80 0.502003
44 1 0.503926
44 2 0.47893
44 3 0.454575
44 4 0.43086
44 5 0.407787
44 6 0.385355
44 7 0.363564
44 8 0.342413
44 9 0.321904
44 10 0.302035
44 11 0.282807
44 12 0.26422
44 13 0.246275
44 14 0.22897
44 15 0.212306
44 16 0.196283
44 17 0.1809
44 18 0.166159
44 19 0.152059
44 20 0.1386
44 21 0.125781
44 22 0.113604
44 23 0.102067
44 24 0.0911713
44 25 0.0809165
44 26 0.0713027
44 27 0.0623298
44 28 0.0539978
44 29 0.0463067
44 30 0.0392565
44 31 0.0328473
44 32 0.027079
44 33 0.0219516
44 34 0.0174651
44 35 0.0136196
44 36 0.010415
44 37 0.00785131
44 38 0.00592854
44 39 0.00464669
44 40 0.00400577
44 41 0.00400577
44 42 0.00464669
44 43 0.00592854
44 44 0.00785131
44 45 0.010415
44 46 0.0136196
44 47 0.0174651
44 48 0.0219516
44 49 0.027079
44 50 0.0328473
44 51 0.0392565
44 52 0.0463067
44 53 0.0539978
44 54 0.0623298
44 55 0.0713027
44 56 0.0809165
44 57 0.0911713
44 58 0.102067
44 59 0.113604
44 60 0.125781
44 61 0.1386
44 62 0.152059
44 63 0.166159
44 64 0.1809
44 65 0.196283
44 66 0.212306
44 67 0.22897
44 68 0.246275
44 69 0.26422
44 70 0.282807
44 71 0.302035
44 72 0.321904
44 73 0.342413
44 74 0.363564
44 75 0.385355
44 76 0.407787
44 77 0.43086
44 78 0.454575
44 79 0.47893
44 80 0.503926
45 1 0.506489
45 2 0.481493
45 3 0.457138
45 4 0.433424
45 5 0.410351
45 6 0.387919
45 7 0.366127
45 8 0.344977
45 9 0.324467
45 10 0.304599
45 11 0.285371
45 12 0.266784
45 13 0.248838
45 14 0.231533
45 15 0.214869
45 16 0.198846
45 17 0.183464
45 18 0.168723
45 19 0.154623
45 20 0.141163
45 21 0.128345
45 22 0.116167
45 23 0.104631
45 24 0.093735
45 25 0.0834802
45 26 0.0738664
45 27 0.0648934
45 28 0.0565614
45 29 0.0488704
45 30 0.0418202
45 31 0.035411
45 32 0.0296427
45 33 0.0245153
45 34 0.0200288
45 35 0.0161833
45 36 0.0129787
45 37 0.010415
45 38 0.00849223
45 39 0.00721038
45 40 0.00656946
45 41 0.00656946
45 42 0.00721038
45 43 0.00849223
45 44 0.010415
45 45 0.0129787
45 46 0.0161833
45 47 0.0200288
45 48 0.0245153
45 49 0.0296427
45 50 0.035411
45 51 0.0418202
45 52 0.0488704
45 53 0.0565614
45 54 0.0648934
45 55 0.0738664
45 56 0.0834802
45 57 0.093735
45 58 0.104631
45 59 0.116167
45 60 0.128345
45 61 0.141163
45 62 0.154623
45 63 0.168723
45 64 0.183464
45 65 0.198846
45 66 0.214869
45 67 0.231533
45 68 0.248838
45 69 0.266784
45 70 0.285371
45 71 0.304599
45 72 0.324467
45 73 0.344977
45 74 0.366127
45 75 0.387919
45 76 0.410351
45 77 0.433424
45 78 0.457138
45 79 0.481493
45 80 0.506489
46 1 0.509694
46 2 0.484698
46 3 0.460343
46 4 0.436629
46 5 0.413556
46 6 0.391123
46 7 0.369332
46 8 0.348181
46 9 0.327672
46 10 0.307803
46 11 0.288576
46 12 0.269989
46 13 0.252043
46 14 0.234738
46 15 0.218074
46 16 0.202051
46 17 0.186669
46 18 0.171928
46 19 0.157827
46 20 0.144368
46 21 0.131549
46 22 0.119372
46 23 0.107835
46 24 0.0969396
46 25 0.0866848
46 26 0.077071
46 27 0.0680981
46 28 0.0597661
46 29 0.052075
46 30 0.0450248
46 31 0.0386156
46 32 0.0328473
46 33 0.0277199
46 34 0.0232335
46 35 0.0193879
46 36 0.0161833
46 37 0.0136196
46 38 0.0116968
46 39 0.010415
46 40 0.00977407
46 41 0.00977407
46 42 0.010415
46 43 0.0116968
46 44 0.0136196
46 45 0.0161833
46 46 0.0193879
46 47 0.0232335
46 48 0.0277199
46 49 0.0328473
46 50 0.0386156
46 51 0.0450248
46 52 0.052075
46 53 0.0597661
46 54 0.0680981
46 55 0.077071
46 56 0.0866848
46 57 0.0969396
46 58 0.107835
46 59 0.119372
46 60 0.131549
46 61 0.144368
46 62 0.157827
46 63 0.171928
46 64 0.186669
46 65 0.202051
46 66 0.218074
46 67 0.234738
46 68 0.252043
46 69 0.269989
46 70 0.288576
46 71 0.307803
46 72 0.327672
46 73 0.348181
46 74 0.369332
46 75 0.391123
46 76 0.413556
46 77 0.436629
46 78 0.460343
46 79 0.484698
46 80 0.509694
47 1 0.513539
47 2 0.488544
47 3 0.464188
47 4 0.440474
47 5 0.417401
47 6 0.394969
47 7 0.373177
47 8 0.352027
47 9 0.331517
47 10 0.311649
47 11 0.292421
47 12 0.273834
47 13 0.255888
47 14 0.238584
47 15 0.22192
47 16 0.205896
47 17 0.190514
47 18 0.175773
47 19 0.161673
47 20 0.148213
47 21 0.135395
47 22 0.123217
47 23 0.111681
47 24 0.100785
47 25 0.0905304
47 26 0.0809165
47 27 0.0719436
47 28 0.0636116
47 29 0.0559205
47 30 0.0488704
47 31 0.0424611
47 32 0.0366928
47 33 0.0315655
47 34 0.027079
47 35 0.0232335
47 36 0.0200288
47 37 0.0174651
47 38 0.0155424
47 39 0.0142605
47 40 0.0136196
47 41 0.0136196
47 42 0.0142605
47 43 0.0155424
47 44 0.0174651
47 45 0.0200288
47 46 0.0232335
47 47 0.027079
47 48 0.0315655
47 49 0.0366928
47 50 0.0424611
47 51 0.0488704
47 52 0.0559205
47 53 0.0636116
47 54 0.0719436
47 55 0.0809165
47 56 0.0905304
47 57 0.100785
47 58 0.111681
47 59 0.123217
47 60 0.135395
47 61 0.148213
47 62 0.161673
47 63 0.175773
47 64 0.190514
47 65 0.205896
47 66 0.22192
47 67 0.238584
47 68 0.255888
47 69 0.273834
47 70 0.292421
47 71 0.311649
47 72 0.331517
47 73 0.352027
47 74 0.373177
47 75 0.394969
47 76 0.417401
47 77 0.440474
47 78 0.464188
47 79 0.488544
47 80 0.513539
48 1 0.518026
48 2 0.49303
48 3 0.468675
48 4 0.444961
48 5 0.421888
48 6 0.399455
48 7 0.377664
48 8 0.356513
48 9 0.336004
48 10 0.316135
48 11 0.296908
48 12 0.278321
48 13 0.260375
48 14 0.24307
48 15 0.226406
48 16 0.210383
48 17 0.195001
48 18 0.18026
48 19 0.166159
48 20 0.1527
48 21 0.139881
48 22 0.127704
48 23 0.116167
48 24 0.105272
48 25 0.0950168
48 26 0.085403
48 27 0.0764301
48 28 0.0680981
48 29 0.060407
48 30 0.0533568
48 31 0.0469476
48 32 0.0411793
48 33 0.0360519
48 34 0.0315655
48 35 0.0277199
48 36 0.0245153
48 37 0.0219516
48 38 0.0200288
48 39 0.018747
48 40 0.0181061
48 41 0.0181061
48 42 0.018747
48 43 0.0200288
48 44 0.0219516
48 45 0.0245153
48 46 0.0277199
48 47 0.0315655
48 48 0.0360519
48 49 0.0411793
48 50 0.0469476
48 51 0.0533568
48 52 0.060407
48 53 0.0680981
48 54 0.0764301
48 55 0.085403
48 56 0.0950168
48 57 0.105272
48 58 0.116167
48 59 0.127704
48 60 0.139881
48 61 0.1527
48 62 0.166159
48 63 0.18026
48 64 0.195001
48 65 0.210383
48 66 0.226406
48 67 0.24307
48 68 0.260375
48 69 0.278321
48 70 0.296908
48 71 0.316135
48 72 0.336004
48 73 0.356513
48 74 0.377664
48 75 0.399455
48 76 0.421888
48 77 0.444961
48 78 0.468675
48 79 0.49303
48 80 0.518026
49 1 0.523153
49 2 0.498157
49 3 0.473802
49 4 0.450088
49 5 0.427015
49 6 0.404583
49 7 0.382791
49 8 0.361641
49 9 0.341131
49 10 0.321263
49 11 0.302035
49 12 0.283448
49 13 0.265502
49 14 0.248197
49 15 0.231533
49 16 0.21551
49 17 0.200128
49 18 0.185387
49 19 0.171287
49 20 0.157827
49 21 0.145009
49 22 0.132831
49 23 0.121295
49 24 0.110399
49 25 0.100144
49 26 0.0905304
49 27 0.0815574
49 28 0.0732254
49 29 0.0655344
49 30 0.0584842
49 31 0.052075
49 32 0.0463067
49 33 0.0411793
49 34 0.0366928
49 35 0.0328473
49 36 0.0296427
49 37 0.027079
49 38 0.0251562
49 39 0.0238744
49 40 0.0232335
49 41 0.0232335
49 42 0.0238744
49 43 0.0251562
49 44 0.027079
49 45 0.0296427
49 46 0.0328473
49 47 0.0366928
49 48 0.0411793
49 49 0.0463067
49 50 0.052075
49 51 0.0584842
49 52 0.0655344
49 53 0.0732254
49 54 0.0815574
49 55 0.0905304
49 56 0.100144
49 57 0.110399
49 58 0.121295
49 59 0.132831
49 60 0.145009
49 61 0.157827
49 62 0.171287
49 63 0.185387
49 64 0.200128
49 65 0.21551
49 66 0.231533
49 67 0.248197
49 68 0.265502
49 69 0.283448
49 70 0.302035
49 71 0.321263
49 72 0.341131
49 73 0.361641
49 74 0.382791
49 75 0.404583
49 76 0.427015
49 77 0.450088
49 78 0.473802
49 79 0.498157
49 80 0.523153
50 1 0.528922
50 2 0.503926
50 3 0.479571
50 4 0.455856
50 5 0.432783
50 6 0.410351
50 7 0.38856
50 8 0.367409
50 9 0.3469
50 10 0.327031
50 11 0.307803
50 12 0.289216
50 13 0.271271
50 14 0.253966
50 15 0.237302
50 16 0.221279
50 17 0.205896
50 18 0.191155
50 19 0.177055
50 20 0.163596
50 21 0.150777
50 22 0.1386
50 23 0.127063
50 24 0.116167
50 25 0.105913
50 26 0.0962987
50 27 0.0873257
50 28 0.0789938
50 29 0.0713027
50 30 0.0642525
50 31 0.0578433
50 32 0.052075
50 33 0.0469476
50 34 0.0424611
50 35 0.0386156
50 36 0.035411
50 37 0.0328473
50 38 0.0309245
50 39 0.0296427
50 40 0.0290018
50 41 0.0290018
50 42 0.0296427
50 43 0.0309245
50 44 0.0328473
50 45 0.035411
50 46 0.0386156
50 47 0.0424611
50 48 0.0469476
50 49 0.052075
50 50 0.0578433
50 51 0.0642525
50 52 0.0713027
50 53 0.0789938
50 54 0.0873257
50 55 0.0962987
50 56 0.105913
50 57 0.116167
50 58 0.127063
50 59 0.1386
50 60 0.150777
50 61 0.163596
50 62 0.177055
50 63 0.191155
50 64 0.205896
50 65 0.221279
50 66 0.237302
50 67 0.253966
50 68 0.271271
50 69 0.289216
50 70 0.307803
50 71 0.327031
50 72 0.3469
50 73 0.367409
50 74 0.38856
50 75 0.410351
50 76 0.432783
50 77 0.455856
50 78 0.479571
50 79 0.503926
50 80 0.528922
51 1 0.535331
51 2 0.510335
51 3 0.48598
51 4 0.462266
51 5 0.439192
51 6 0.41676
51 7 0.394969
51 8 0.373818
51 9 0.353309
51 10 0.33344
51 11 0.314212
51 12 0.295626
51 13 0.27768
51 14 0.260375
51 15 0.243711
51 16 0.227688
51 17 0.212306
51 18 0.197564
51 19 0.183464
51 20 0.170005
51 21 0.157186
51 22 0.145009
51 23 0.133472
51 24 0.122577
51 25 0.112322
51 26 0.102708
51 27 0.093735
51 28 0.085403
51 29 0.0777119
51 30 0.0706618
51 31 0.0642525
51 32 0.0584842
51 33 0.0533568
51 34 0.0488704
51 35 0.0450248
51 36 0.0418202
51 37 0.0392565
51 38 0.0373338
51 39 0.0360519
51 40 0.035411
51 41 0.035411
51 42 0.0360519
51 43 0.0373338
51 44 0.0392565
51 45 0.0418202
51 46 0.0450248
51 47 0.0488704
51 48 0.0533568
51 49 0.0584842
51 50 0.0642525
51 51 0.0706618
51 52 0.0777119
51 53 0.085403
51 54 0.093735
51 55 0.102708
51 56 0.112322
51 57 0.122577
51 58 0.133472
51 59 0.145009
51 60 0.157186
51 61 0.170005
51 62 0.183464
51 63 0.197564
51 64 0.212306
51 65 0.227688
51 66 0.243711
51 67 0.260375
51 68 0.27768
51 69 0.295626
51 70 0.314212
51 71 0.33344
51 72 0.353309
51 73 0.373818
51 74 0.394969
51 75 0.41676
51 76 0.439192
51 77 0.462266
51 78 0.48598
51 79 0.510335
51 80 0.535331
52 1 0.542381
52 2 0.517385
52 3 0.49303
52 4 0.469316
52 5 0.446243
52 6 0.42381
52 7 0.402019
52 8 0.380868
52 9 0.360359
52 10 0.34049
52 11 0.321263
52 12 0.302676
52 13 0.28473
52 14 0.267425
52 15 0.250761
52 16 0.234738
52 17 0.219356
52 18 0.204615
52 19 0.190514
52 20 0.177055
52 21 0.164237
52 22 0.152059
52 23 0.140522
52 24 0.129627
52 25 0.119372
52 26 0.109758
52 27 0.100785
52 28 0.0924531
52 29 0.0847621
52 30 0.0777119
52 31 0.0713027
52 32 0.0655344
52 33 0.060407
52 34 0.0559205
52 35 0.052075
52 36 0.0488704
52 37 0.0463067
52 38 0.0443839
52 39 0.0431021
52 40 0.0424611
52 41 0.0424611
52 42 0.0431021
52 43 0.0443839
52 44 0.0463067
52 45 0.0488704
52 46 0.052075
52 47 0.0559205
52 48 0.060407
52 49 0.0655344
52 50 0.0713027
52 51 0.0777119
52 52 0.0847621
52 53 0.0924531
52 54 0.100785
52 55 0.109758
52 56 0.119372
52 57 0.129627
52 58 0.140522
52 59 0.152059
52 60 0.164237
52 61 0.177055
52 62 0.190514
52 63 0.204615
52 64 0.219356
52 65 0.234738
52 66 0.250761
52 67 0.267425
52 68 0.28473
52 69 0.302676
52 70 0.321263
52 71 0.34049
52 72 0.360359
52 73 0.380868
52 74 0.402019
52 75 0.42381
52 76 0.446243
52 77 0.469316
52 78 0.49303
52 79 0.517385
52 80 0.542381
53 1 0.550072
53 2 0.525076
53 3 0.500721
53 4 0.477007
53 5 0.453934
53 6 0.431501
53 7 0.40971
53 8 0.38856
53 9 0.36805
53 10 0.348181
53 11 0.328954
53 12 0.310367
53 13 0.292421
53 14 0.275116
53 15 0.258452
53 16 0.242429
53 17 0.227047
53 18 0.212306
53 19 0.198205
53 20 0.184746
53 21 0.171928
53 22 0.15975
53 23 0.148213
53 24 0.137318
53 25 0.127063
53 26 0.117449
53 27 0.108476
53 28 0.100144
53 29 0.0924531
53 30 0.085403
53 31 0.0789938
53 32 0.0732254
53 33 0.0680981
53 34 0.0636116
53 35 0.0597661
53 36 0.0565614
53 37 0.0539978
53 38 0.052075
53 39 0.0507931
53 40 0.0501522
53 41 0.0501522
53 42 0.0507931
53 43 0.052075
53 44 0.0539978
53 45 0.0565614
53 46 0.0597661
53 47 0.0636116
53 48 0.0680981
53 49 0.0732254
53 50 0.0789938
53 51 0.085403
53 52 0.0924531
53 53 0.100144
53 54 0.108476
53 55 0.117449
53 56 0.127063
53 57 0.137318
53 58 0.148213
53 59 0.15975
53 60 0.171928
53 61 0.184746
53 62 0.198205
53 63 0.212306
53 64 0.227047
53 65 0.242429
53 66 0.258452
53 67 0.275116
53 68 0.292421
53 69 0.310367
53 70 0.328954
53 71 0.348181
53 72 0.36805
53 73 0.38856
53 74 0.40971
53 75 0.431501
53 76 0.453934
53 77 0.477007
53 78 0.500721
53 79 0.525076
53 80 0.550072
54 1 0.558404
54 2 0.533408
54 3 0.509053
54 4 0.485339
54 5 0.462266
54 6 0.439833
54 7 0.418042
54 8 0.396892
54 9 0.376382
54 10 0.356513
54 11 0.337286
54 12 0.318699
54 13 0.300753
54 14 0.283448
54 15 0.266784
54 16 0.250761
54 17 0.235379
54 18 0.220638
54 19 0.206537
54 20 0.193078
54 21 0.18026
54 22 0.168082
54 23 0.156545
54 24 0.14565
54 25 0.135395
54 26 0.125781
54 27 0.116808
54 28 0.108476
54 29 0.100785
54 30 0.093735
54 31 0.0873257
54 32 0.0815574
54 33 0.0764301
54 34 0.0719436
54 35 0.0680981
54 36 0.0648934
54 37 0.0623298
54 38 0.060407
54 39 0.0591251
54 40 0.0584842
54 41 0.0584842
54 42 0.0591251
54 43 0.060407
54 44 0.0623298
54 45 0.0648934
54 46 0.0680981
54 47 0.0719436
54 48 0.0764301
54 49 0.0815574
54 50 0.0873257
54 51 0.093735
54 52 0.100785
54 53 0.108476
54 54 0.116808
54 55 0.125781
54 56 0.135395
54 57 0.14565
54 58 0.156545
54 59 0.168082
54 60 0.18026
54 61 0.193078
54 62 0.206537
54 63 0.220638
54 64 0.235379
54 65 0.250761
54 66 0.266784
54 67 0.283448
54 68 0.300753
54 69 0.318699
54 70 0.337286
54 71 0.356513
54 72 0.376382
54 73 0.396892
54 74 0.418042
54 75 0.439833
54 76 0.462266
54 77 0.485339
54 78 0.509053
54 79 0.533408
54 80 0.558404
55 1 0.567377
55 2 0.542381
55 3 0.518026
55 4 0.494312
55 5 0.471239
55 6 0.448806
55 7 0.427015
55 8 0.405864
55 9 0.385355
55 10 0.365486
55 11 0.346259
55 12 0.327672
55 13 0.309726
55 14 0.292421
55 15 0.275757
55 16 0.259734
55 17 0.244352
55 18 0.229611
55 19 0.21551
55 20 0.202051
55 21 0.189232
55 22 0.177055
55 23 0.165518
55 24 0.154623
55 25 0.144368
55 26 0.134754
55 27 0.125781
55 28 0.117449
55 29 0.109758
55 30 0.102708
55 31 0.0962987
55 32 0.0905304
55 33 0.085403
55 34 0.0809165
55 35 0.077071
55 36 0.0738664
55 37 0.0713027
55 38 0.0693799
55 39 0.0680981
55 40 0.0674571
55 41 0.0674571
55 42 0.0680981
55 43 0.0693799
55 44 0.0713027
55 45 0.0738664
55 46 0.077071
55 47 0.0809165
55 48 0.085403
55 49 0.0905304
55 50 0.0962987
55 51 0.102708
55 52 0.109758
55 53 0.117449
55 54 0.125781
55 55 0.134754
55 56 0.144368
55 57 0.154623
55 58 0.165518
55 59 0.177055
55 60 0.189232
55 61 0.202051
55 62 0.21551
55 63 0.229611
55 64 0.244352
55 65 0.259734
55 66 0.275757
55 67 0.292421
55 68 0.309726
55 69 0.327672
55 70 0.346259
55 71 0.365486
55 72 0.385355
55 73 0.405864
55 74 0.427015
55 75 0.448806
55 76 0.471239
55 77 0.494312
55 78 0.518026
55 79 0.542381
55 80 0.567377
56 1 0.576991
56 2 0.551995
56 3 0.52764
56 4 0.503926
56 5 0.480852
56 6 0.45842
56 7 0.436629
56 8 0.415478
56 9 0.394969
56 10 0.3751
56 11 0.355872
56 12 0.337286
56 13 0.31934
56 14 0.302035
56 15 0.285371
56 16 0.269348
56 17 0.253966
56 18 0.239224
56 19 0.225124
56 20 0.211665
56 21 0.198846
56 22 0.186669
56 23 0.175132
56 24 0.164237
56 25 0.153982
56 26 0.144368
56 27 0.135395
56 28 0.127063
56 29 0.119372
56 30 0.112322
56 31 0.105913
56 32 0.100144
56 33 0.0950168
56 34 0.0905304
56 35 0.0866848
56 36 0.0834802
56 37 0.0809165
56 38 0.0789938
56 39 0.0777119
56 40 0.077071
56 41 0.077071
56 42 0.0777119
56 43 0.0789938
56 44 0.0809165
56 45 0.0834802
56 46 0.0866848
56 47 0.0905304
56 48 0.0950168
56 49 0.100144
56 50 0.105913
56 51 0.112322
56 52 0.119372
56 53 0.127063
56 54 0.135395
56 55 0.144368
56 56 0.153982
56 57 0.164237
56 58 0.175132
56 59 0.186669
56 60 0.198846
56 61 0.211665
56 62 0.225124
56 63 0.239224
56 64 0.253966
56 65 0.269348
56 66 0.285371
56 67 0.302035
56 68 0.31934
56 69 0.337286
56 70 0.355872
56 71 0.3751
56 72 0.394969
56 73 0.415478
56 74 0.436629
56 75 0.45842
56 76 0.480852
56 77 0.503926
56 78 0.52764
56 79 0.551995
56 80 0.576991
57 1 0.587246
57 2 0.56225
57 3 0.537895
57 4 0.51418
57 5 0.491107
57 6 0.468675
57 7 0.446884
57 8 0.425733
57 9 0.405224
57 10 0.385355
57 11 0.366127
57 12 0.34754
57 13 0.329595
57 14 0.31229
57 15 0.295626
57 16 0.279603
57 17 0.26422
57 18 0.249479
57 19 0.235379
57 20 0.22192
57 21 0.209101
57 22 0.196924
57 23 0.185387
57 24 0.174491
57 25 0.164237
57 26 0.154623
57 27 0.14565
57 28 0.137318
57 29 0.129627
57 30 0.122577
57 31 0.116167
57 32 0.110399
57 33 0.105272
57 34 0.100785
57 35 0.0969396
57 36 0.093735
57 37 0.0911713
57 38 0.0892485
57 39 0.0879667
57 40 0.0873257
57 41 0.0873257
57 42 0.0879667
57 43 0.0892485
57 44 0.0911713
57 45 0.093735
57 46 0.0969396
57 47 0.100785
57 48 0.105272
57 49 0.110399
57 50 0.116167
57 51 0.122577
57 52 0.129627
57 53 0.137318
57 54 0.14565
57 55 0.154623
57 56 0.164237
57 57 0.174491
57 58 0.185387
57 59 0.196924
57 60 0.209101
57 61 0.22192
57 62 0.235379
57 63 0.249479
57 64 0.26422
57 65 0.279603
57 66 0.295626
57 67 0.31229
57 68 0.329595
57 69 0.34754
57 70 0.366127
57 71 0.385355
57 72 0.405224
57 73 0.425733
57 74 0.446884
57 75 0.468675
57 76 0.491107
57 77 0.51418
57 78 0.537895
57 79 0.56225
57 80 0.587246
58 1 0.598141
58 2 0.573145
58 3 0.54879
58 4 0.525076
58 5 0.502003
58 6 0.479571
58 7 0.457779
58 8 0.436629
58 9 0.416119
58 10 0.396251
58 11 0.377023
58 12 0.358436
58 13 0.34049
58 14 0.323185
58 15 0.306521
58 16 0.290498
58 17 0.275116
58 18 0.260375
58 19 0.246275
58 20 0.232815
58 21 0.219997
58 22 0.207819
58 23 0.196283
58 24 0.185387
58 25 0.175132
58 26 0.165518
58 27 0.156545
58 28 0.148213
58 29 0.140522
58 30 0.133472
58 31 0.127063
58 32 0.121295
58 33 0.116167
58 34 0.111681
58 35 0.107835
58 36 0.104631
58 37 0.102067
58 38 0.100144
58 39 0.0988624
58 40 0.0982214
58 41 0.0982214
58 42 0.0988624
58 43 0.100144
58 44 0.102067
58 45 0.104631
58 46 0.107835
58 47 0.111681
58 48 0.116167
58 49 0.121295
58 50 0.127063
58 51 0.133472
58 52 0.140522
58 53 0.148213
58 54 0.156545
58 55 0.165518
58 56 0.175132
58 57 0.185387
58 58 0.196283
58 59 0.207819
58 60 0.219997
58 61 0.232815
58 62 0.246275
58 63 0.260375
58 64 0.275116
58 65 0.290498
58 66 0.306521
58 67 0.323185
58 68 0.34049
58 69 0.358436
58 70 0.377023
58 71 0.396251
58 72 0.416119
58 73 0.436629
58 74 0.457779
58 75 0.479571
58 76 0.502003
58 77 0.525076
58 78 0.54879
58 79 0.573145
58 80 0.598141
59 1 0.609678
59 2 0.584682
59 3 0.560327
59 4 0.536613
59 5 0.513539
59 6 0.491107
59 7 0.469316
59 8 0.448165
59 9 0.427656
59 10 0.407787
59 11 0.38856
59 12 0.369973
59 13 0.352027
59 14 0.334722
59 15 0.318058
59 16 0.302035
59 17 0.286653
59 18 0.271912
59 19 0.257811
59 20 0.244352
59 21 0.231533
59 22 0.219356
59 23 0.207819
59 24 0.196924
59 25 0.186669
59 26 0.177055
59 27 0.168082
59 28 0.15975
59 29 0.152059
59 30 0.145009
59 31 0.1386
59 32 0.132831
59 33 0.127704
59 34 0.123217
59 35 0.119372
59 36 0.116167
59 37 0.113604
59 38 0.111681
59 39 0.110399
59 40 0.109758
59 41 0.109758
59 42 0.110399
59 43 0.111681
59 44 0.113604
59 45 0.116167
59 46 0.119372
59 47 0.123217
59 48 0.127704
59 49 0.132831
59 50 0.1386
59 51 0.145009
59 52 0.152059
59 53 0.15975
59 54 0.168082
59 55 0.177055
59 56 0.186669
59 57 0.196924
59 58 0.207819
59 59 0.219356
59 60 0.231533
59 61 0.244352
59 62 0.257811
59 63 0.271912
59 64 0.286653
59 65 0.302035
59 66 0.318058
59 67 0.334722
59 68 0.352027
59 69 0.369973
59 70 0.38856
59 71 0.407787
59 72 0.427656
59 73 0.448165
59 74 0.469316
59 75 0.491107
59 76 0.513539
59 77 0.536613
59 78 0.560327
59 79 0.584682
59 80 0.609678
60 1 0.621855
60 2 0.596859
60 3 0.572504
60 4 0.54879
60 5 0.525717
60 6 0.503285
60 7 0.481493
60 8 0.460343
60 9 0.439833
60 10 0.419965
60 11 0.400737
60 12 0.38215
60 13 0.364204
60 14 0.3469
60 15 0.330236
60 16 0.314212
60 17 0.29883
60 18 0.284089
60 19 0.269989
60 20 0.256529
60 21 0.243711
60 22 0.231533
60 23 0.219997
60 24 0.209101
60 25 0.198846
60 26 0.189232
60 27 0.18026
60 28 0.171928
60 29 0.164237
60 30 0.157186
60 31 0.150777
60 32 0.145009
60 33 0.139881
60 34 0.135395
60 35 0.131549
60 36 0.128345
60 37 0.125781
60 38 0.123858
60 39 0.122577
60 40 0.121936
60 41 0.121936
60 42 0.122577
60 43 0.123858
60 44 0.125781
60 45 0.128345
60 46 0.131549
60 47 0.135395
60 48 0.139881
60 49 0.145009
60 50 0.150777
60 51 0.157186
60 52 0.164237
60 53 0.171928
60 54 0.18026
60 55 0.189232
60 56 0.198846
60 57 0.209101
60 58 0.219997
60 59 0.231533
60 60 0.243711
60 61 0.256529
60 62 0.269989
60 63 0.284089
60 64 0.29883
60 65 0.314212
60 66 0.330236
60 67 0.3469
60 68 0.364204
60 69 0.38215
60 70 0.400737
60 71 0.419965
60 72 0.439833
60 73 0.460343
60 74 0.481493
60 75 0.503285
60 76 0.525717
60 77 0.54879
60 78 0.572504
60 79 0.596859
60 80 0.621855
61 1 0.634674
61 2 0.609678
61 3 0.585323
61 4 0.561609
61 5 0.538535
61 6 0.516103
61 7 0.494312
61 8 0.473161
61 9 0.452652
61 10 0.432783
61 11 0.413556
61 12 0.394969
61 13 0.377023
61 14 0.359718
61 15 0.343054
61 16 0.327031
61 17 0.311649
61 18 0.296908
61 19 0.282807
61 20 0.269348
61 21 0.256529
61 22 0.244352
61 23 0.232815
61 24 0.22192
61 25 0.211665
61 26 0.202051
61 27 0.193078
61 28 0.184746
61 29 0.177055
61 30 0.170005
61 31 0.163596
61 32 0.157827
61 33 0.1527
61 34 0.148213
61 35 0.144368
61 36 0.141163
61 37 0.1386
61 38 0.136677
61 39 0.135395
61 40 0.134754
61 41 0.134754
61 42 0.135395
61 43 0.136677
61 44 0.1386
61 45 0.141163
61 46 0.144368
61 47 0.148213
61 48 0.1527
61 49 0.157827
61 50 0.163596
61 51 0.170005
61 52 0.177055
61 53 0.184746
61 54 0.193078
61 55 0.202051
61 56 0.211665
61 57 0.22192
61 58 0.232815
61 59 0.244352
61 60 0.256529
61 61 0.269348
61 62 0.282807
61 63 0.296908
61 64 0.311649
61 65 0.327031
61 66 0.343054
61 67 0.359718
61 68 0.377023
61 69 0.394969
61 70 0.413556
61 71 0.432783
61 72 0.452652
61 73 0.473161
61 74 0.494312
61 75 0.516103
61 76 0.538535
61 77 0.561609
61 78 0.585323
61 79 0.609678
61 80 0.634674
62 1 0.648133
62 2 0.623137
62 3 0.598782
62 4 0.575068
62 5 0.551995
62 6 0.529563
62 7 0.507771
62 8 0.486621
62 9 0.466111
62 10 0.446243
62 11 0.427015
62 12 0.408428
62 13 0.390482
62 14 0.373177
62 15 0.356513
62 16 0.34049
62 17 0.325108
62 18 0.310367
62 19 0.296267
62 20 0.282807
62 21 0.269989
62 22 0.257811
62 23 0.246275
62 24 0.235379
62 25 0.225124
62 26 0.21551
62 27 0.206537
62 28 0.198205
62 29 0.190514
62 30 0.183464
62 31 0.177055
62 32 0.171287
62 33 0.166159
62 34 0.161673
62 35 0.157827
62 36 0.154623
62 37 0.152059
62 38 0.150136
62 39 0.148854
62 40 0.148213
62 41 0.148213
62 42 0.148854
62 43 0.150136
62 44 0.152059
62 45 0.154623
62 46 0.157827
62 47 0.161673
62 48 0.166159
62 49 0.171287
62 50 0.177055
62 51 0.183464
62 52 0.190514
62 53 0.198205
62 54 0.206537
62 55 0.21551
62 56 0.225124
62 57 0.235379
62 58 0.246275
62 59 0.257811
62 60 0.269989
62 61 0.282807
62 62 0.296267
62 63 0.310367
62 64 0.325108
62 65 0.34049
62 66 0.356513
62 67 0.373177
62 68 0.390482
62 69 0.408428
62 70 0.427015
62 71 0.446243
62 72 0.466111
62 73 0.486621
62 74 0.507771
62 75 0.529563
62 76 0.551995
62 77 0.575068
62 78 0.598782
62 79 0.623137
62 80 0.648133
63 1 0.662234
63 2 0.637238
63 3 0.612883
63 4 0.589168
63 5 0.566095
63 6 0.543663
63 7 0.521871
63 8 0.500721
63 9 0.480212
63 10 0.460343
63 11 0.441115
63 12 0.422528
63 13 0.404583
63 14 0.387278
63 15 0.370614
63 16 0.354591
63 17 0.339208
63 18 0.324467
63 19 0.310367
63 20 0.296908
63 21 0.284089
63 22 0.271912
63 23 0.260375
63 24 0.249479
63 25 0.239224
63 26 0.229611
63 27 0.220638
63 28 0.212306
63 29 0.204615
63 30 0.197564
63 31 0.191155
63 32 0.185387
63 33 0.18026
63 34 0.175773
63 35 0.171928
63 36 0.168723
63 37 0.166159
63 38 0.164237
63 39 0.162955
63 40 0.162314
63 41 0.162314
63 42 0.162955
63 43 0.164237
63 44 0.166159
63 45 0.168723
63 46 0.171928
63 47 0.175773
63 48 0.18026
63 49 0.185387
63 50 0.191155
63 51 0.197564
63 52 0.204615
63 53 0.212306
63 54 0.220638
63 55 0.229611
63 56 0.239224
63 57 0.249479
63 58 0.260375
63 59 0.271912
63 60 0.284089
63 61 0.296908
63 62 0.310367
63 63 0.324467
63 64 0.339208
63 65 0.354591
63 66 0.370614
63 67 0.387278
63 68 0.404583
63 69 0.422528
63 70 0.441115
63 71 0.460343
63 72 0.480212
63 73 0.500721
63 74 0.521871
63 75 0.543663
63 76 0.566095
63 77 0.589168
63 78 0.612883
63 79 0.637238
63 80 0.662234
64 1 0.676975
64 2 0.651979
64 3 0.627624
64 4 0.60391
64 5 0.580836
64 6 0.558404
64 7 0.536613
64 8 0.515462
64 9 0.494953
64 10 0.475084
64 11 0.455856
64 12 0.43727
64 13 0.419324
64 14 0.402019
64 15 0.385355
64 16 0.369332
64 17 0.35395
64 18 0.339208
64 19 0.325108
64 20 0.311649
64 21 0.29883
64 22 0.286653
64 23 0.275116
64 24 0.26422
64 25 0.253966
64 26 0.244352
64 27 0.235379
64 28 0.227047
64 29 0.219356
64 30 0.212306
64 31 0.205896
64 32 0.200128
64 33 0.195001
64 34 0.190514
64 35 0.186669
64 36 0.183464
64 37 0.1809
64 38 0.178978
64 39 0.177696
64 40 0.177055
64 41 0.177055
64 42 0.177696
64 43 0.178978
64 44 0.1809
64 45 0.183464
64 46 0.186669
64 47 0.190514
64 48 0.195001
64 49 0.200128
64 50 0.205896
64 51 0.212306
64 52 0.219356
64 53 0.227047
64 54 0.235379
64 55 0.244352
64 56 0.253966
64 57 0.26422
64 58 0.275116
64 59 0.286653
64 60 0.29883
64 61 0.311649
64 62 0.325108
64 63 0.339208
64 64 0.35395
64 65 0.369332
64 66 0.385355
64 67 0.402019
64 68 0.419324
64 69 0.43727
64 70 0.455856
64 71 0.475084
64 72 0.494953
64 73 0.515462
64 74 0.536613
64 75 0.558404
64 76 0.580836
64 77 0.60391
64 78 0.627624
64 79 0.651979
64 80 0.676975
65 1 0.692357
65 2 0.667361
65 3 0.643006
65 4 0.619292
65 5 0.596219
65 6 0.573786
65 7 0.551995
65 8 0.530844
65 9 0.510335
65 10 0.490466
65 11 0.471239
65 12 0.452652
65 13 0.434706
65 14 0.417401
65 15 0.400737
65 16 0.384714
65 17 0.369332
65 18 0.354591
65 19 0.34049
65 20 0.327031
65 21 0.314212
65 22 0.302035
65 23 0.290498
65 24 0.279603
65 25 0.269348
65 26 0.259734
65 27 0.250761
65 28 0.242429
65 29 0.234738
65 30 0.227688
65 31 0.221279
65 32 0.21551
65 33 0.210383
65 34 0.205896
65 35 0.202051
65 36 0.198846
65 37 0.196283
65 38 0.19436
65 39 0.193078
65 40 0.192437
65 41 0.192437
65 42 0.193078
65 43 0.19436
65 44 0.196283
65 45 0.198846
65 46 0.202051
65 47 0.205896
65 48 0.210383
65 49 0.21551
65 50 0.221279
65 51 0.227688
65 52 0.234738
65 53 0.242429
65 54 0.250761
65 55 0.259734
65 56 0.269348
65 57 0.279603
65 58 0.290498
65 59 0.302035
65 60 0.314212
65 61 0.327031
65 62 0.34049
65 63 0.354591
65 64 0.369332
65 65 0.384714
65 66 0.400737
65 67 0.417401
65 68 0.434706
65 69 0.452652
65 70 0.471239
65 71 0.490466
65 72 0.510335
65 73 0.530844
65 74 0.551995
65 75 0.573786
65 76 0.596219
65 77 0.619292
65 78 0.643006
65 79 0.667361
65 80 0.692357
66 1 0.70838
66 2 0.683384
66 3 0.659029
66 4 0.635315
66 5 0.612242
66 6 0.589809
66 7 0.568018
66 8 0.546867
66 9 0.526358
66 10 0.506489
66 11 0.487262
66 12 0.468675
66 13 0.450729
66 14 0.433424
66 15 0.41676
66 16 0.400737
66 17 0.385355
66 18 0.370614
66 19 0.356513
66 20 0.343054
66 21 0.330236
66 22 0.318058
66 23 0.306521
66 24 0.295626
66 25 0.285371
66 26 0.275757
66 27 0.266784
66 28 0.258452
66 29 0.250761
66 30 0.243711
66 31 0.237302
66 32 0.231533
66 33 0.226406
66 34 0.22192
66 35 0.218074
66 36 0.214869
66 37 0.212306
66 38 0.210383
66 39 0.209101
66 40 0.20846
66 41 0.20846
66 42 0.209101
66 43 0.210383
66 44 0.212306
66 45 0.214869
66 46 0.218074
66 47 0.22192
66 48 0.226406
66 49 0.231533
66 50 0.237302
66 51 0.243711
66 52 0.250761
66 53 0.258452
66 54 0.266784
66 55 0.275757
66 56 0.285371
66 57 0.295626
66 58 0.306521
66 59 0.318058
66 60 0.330236
66 61 0.343054
66 62 0.356513
66 63 0.370614
66 64 0.385355
66 65 0.400737
66 66 0.41676
66 67 0.433424
66 68 0.450729
66 69 0.468675
66 70 0.487262
66 71 0.506489
66 72 0.526358
66 73 0.546867
66 74 0.568018
66 75 0.589809
66 76 0.612242
66 77 0.635315
66 78 0.659029
66 79 0.683384
66 80 0.70838
67 1 0.725044
67 2 0.700048
67 3 0.675693
67 4 0.651979
67 5 0.628906
67 6 0.606473
67 7 0.584682
67 8 0.563531
67 9 0.543022
67 10 0.523153
67 11 0.503926
67 12 0.485339
67 13 0.467393
67 14 0.450088
67 15 0.433424
67 16 0.417401
67 17 0.402019
67 18 0.387278
67 19 0.373177
67 20 0.359718
67 21 0.3469
67 22 0.334722
67 23 0.323185
67 24 0.31229
67 25 0.302035
67 26 0.292421
67 27 0.283448
67 28 0.275116
67 29 0.267425
67 30 0.260375
67 31 0.253966
67 32 0.248197
67 33 0.24307
67 34 0.238584
67 35 0.234738
67 36 0.231533
67 37 0.22897
67 38 0.227047
67 39 0.225765
67 40 0.225124
67 41 0.225124
67 42 0.225765
67 43 0.227047
67 44 0.22897
67 45 0.231533
67 46 0.234738
67 47 0.238584
67 48 0.24307
67 49 0.248197
67 50 0.253966
67 51 0.260375
67 52 0.267425
67 53 0.275116
67 54 0.283448
67 55 0.292421
67 56 0.302035
67 57 0.31229
67 58 0.323185
67 59 0.334722
67 60 0.3469
67 61 0.359718
67 62 0.373177
67 63 0.387278
67 64 0.402019
67 65 0.417401
67 66 0.433424
67 67 0.450088
67 68 0.467393
67 69 0.485339
67 70 0.503926
67 71 0.523153
67 72 0.543022
67 73 0.563531
67 74 0.584682
67 75 0.606473
67 76 0.628906
67 77 0.651979
67 78 0.675693
67 79 0.700048
67 80 0.725044
68 1 0.742349
68 2 0.717353
68 3 0.692998
68 4 0.669284
68 5 0.646211
68 6 0.623778
68 7 0.601987
68 8 0.580836
68 9 0.560327
68 10 0.540458
68 11 0.521231
68 12 0.502644
68 13 0.484698
68 14 0.467393
68 15 0.450729
68 16 0.434706
68 17 0.419324
68 18 0.404583
68 19 0.390482
68 20 0.377023
68 21 0.364204
68 22 0.352027
68 23 0.34049
68 24 0.329595
68 25 0.31934
68 26 0.309726
68 27 0.300753
68 28 0.292421
68 29 0.28473
68 30 0.27768
68 31 0.271271
68 32 0.265502
68 33 0.260375
68 34 0.255888
68 35 0.252043
68 36 0.248838
68 37 0.246275
68 38 0.244352
68 39 0.24307
68 40 0.242429
68 41 0.242429
68 42 0.24307
68 43 0.244352
68 44 0.246275
68 45 0.248838
68 46 0.252043
68 47 0.255888
68 48 0.260375
68 49 0.265502
68 50 0.271271
68 51 0.27768
68 52 0.28473
68 53 0.292421
68 54 0.300753
68 55 0.309726
68 56 0.31934
68 57 0.329595
68 58 0.34049
68 59 0.352027
68 60 0.364204
68 61 0.377023
68 62 0.390482
68 63 0.404583
68 64 0.419324
68 65 0.434706
68 66 0.450729
68 67 0.467393
68 68 0.484698
68 69 0.502644
68 70 0.521231
68 71 0.540458
68 72 0.560327
68 73 0.580836
68 74 0.601987
68 75 0.623778
68 76 0.646211
68 77 0.669284
68 78 0.692998
68 79 0.717353
68 80 0.742349
69 1 0.760295
69 2 0.735299
69 3 0.710944
69 4 0.68723
69 5 0.664156
69 6 0.641724
69 7 0.619933
69 8 0.598782
69 9 0.578273
69 10 0.558404
69 11 0.539176
69 12 0.52059
69 13 0.502644
69 14 0.485339
69 15 0.468675
69 16 0.452652
69 17 0.43727
69 18 0.422528
69 19 0.408428
69 20 0.394969
69 21 0.38215
69 22 0.369973
69 23 0.358436
69 24 0.34754
69 25 0.337286
69 26 0.327672
69 27 0.318699
69 28 0.310367
69 29 0.302676
69 30 0.295626
69 31 0.289216
69 32 0.283448
69 33 0.278321
69 34 0.273834
69 35 0.269989
69 36 0.266784
69 37 0.26422
69 38 0.262298
69 39 0.261016
69 40 0.260375
69 41 0.260375
69 42 0.261016
69 43 0.262298
69 44 0.26422
69 45 0.266784
69 46 0.269989
69 47 0.273834
69 48 0.278321
69 49 0.283448
69 50 0.289216
69 51 0.295626
69 52 0.302676
69 53 0.310367
69 54 0.318699
69 55 0.327672
69 56 0.337286
69 57 0.34754
69 58 0.358436
69 59 0.369973
69 60 0.38215
69 61 0.394969
69 62 0.408428
69 63 0.422528
69 64 0.43727
69 65 0.452652
69 66 0.468675
69 67 0.485339
69 68 0.502644
69 69 0.52059
69 70 0.539176
69 71 0.558404
69 72 0.578273
69 73 0.598782
69 74 0.619933
69 75 0.641724
69 76 0.664156
69 77 0.68723
69 78 0.710944
69 79 0.735299
69 80 0.760295
70 1 0.778882
70 2 0.753886
70 3 0.729531
70 4 0.705816
70 5 0.682743
70 6 0.660311
70 7 0.638519
70 8 0.617369
70 9 0.596859
70 10 0.576991
70 11 0.557763
70 12 0.539176
70 13 0.521231
70 14 0.503926
70 15 0.487262
70 16 0.471239
70 17 0.455856
70 18 0.441115
70 19 0.427015
70 20 0.413556
70 21 0.400737
70 22 0.38856
70 23 0.377023
70 24 0.366127
70 25 0.355872
70 26 0.346259
70 27 0.337286
70 28 0.328954
70 29 0.321263
70 30 0.314212
70 31 0.307803
70 32 0.302035
70 33 0.296908
70 34 0.292421
70 35 0.288576
70 36 0.285371
70 37 0.282807
70 38 0.280884
70 39 0.279603
70 40 0.278962
70 41 0.278962
70 42 0.279603
70 43 0.280884
70 44 0.282807
70 45 0.285371
70 46 0.288576
70 47 0.292421
70 48 0.296908
70 49 0.302035
70 50 0.307803
70 51 0.314212
70 52 0.321263
70 53 0.328954
70 54 0.337286
70 55 0.346259
70 56 0.355872
70 57 0.366127
70 58 0.377023
70 59 0.38856
70 60 0.400737
70 61 0.413556
70 62 0.427015
70 63 0.441115
70 64 0.455856
70 65 0.471239
70 66 0.487262
70 67 0.503926
70 68 0.521231
70 69 0.539176
70 70 0.557763
70 71 0.576991
70 72 0.596859
70 73 0.617369
70 74 0.638519
70 75 0.660311
70 76 0.682743
70 77 0.705816
70 78 0.729531
70 79 0.753886
70 80 0.778882
71 1 0.798109
71 2 0.773113
71 3 0.748758
71 4 0.725044
71 5 0.701971
71 6 0.679539
71 7 0.657747
71 8 0.636597
71 9 0.616087
71 10 0.596219
71 11 0.576991
71 12 0.558404
71 13 0.540458
71 14 0.523153
71 15 0.506489
71 16 0.490466
71 17 0.475084
71 18 0.460343
71 19 0.446243
71 20 0.432783
71 21 0.419965
71 22 0.407787
71 23 0.396251
71 24 0.385355
71 25 0.3751
71 26 0.365486
71 27 0.356513
71 28 0.348181
71 29 0.34049
71 30 0.33344
71 31 0.327031
71 32 0.321263
71 33 0.316135
71 34 0.311649
71 35 0.307803
71 36 0.304599
71 37 0.302035
71 38 0.300112
71 39 0.29883
71 40 0.298189
71 41 0.298189
71 42 0.29883
71 43 0.300112
71 44 0.302035
71 45 0.304599
71 46 0.307803
71 47 0.311649
71 48 0.316135
71 49 0.321263
71 50 0.327031
71 51 0.33344
71 52 0.34049
71 53 0.348181
71 54 0.356513
71 55 0.365486
71 56 0.3751
71 57 0.385355
71 58 0.396251
71 59 0.407787
71 60 0.419965
71 61 0.432783
71 62 0.446243
71 63 0.460343
71 64 0.475084
71 65 0.490466
71 66 0.506489
71 67 0.523153
71 68 0.540458
71 69 0.558404
71 70 0.576991
71 71 0.596219
71 72 0.616087
71 73 0.636597
71 74 0.657747
71 75 0.679539
71 76 0.701971
71 77 0.725044
71 78 0.748758
71 79 0.773113
71 80 0.798109
72 1 0.817978
72 2 0.792982
72 3 0.768627
72 4 0.744913
72 5 0.721839
72 6 0.699407
72 7 0.677616
72 8 0.656465
72 9 0.635956
72 10 0.616087
72 11 0.596859
72 12 0.578273
72 13 0.560327
72 14 0.543022
72 15 0.526358
72 16 0.510335
72 17 0.494953
72 18 0.480212
72 19 0.466111
72 20 0.452652
72 21 0.439833
72 22 0.427656
72 23 0.416119
72 24 0.405224
72 25 0.394969
72 26 0.385355
72 27 0.376382
72 28 0.36805
72 29 0.360359
72 30 0.353309
72 31 0.3469
72 32 0.341131
72 33 0.336004
72 34 0.331517
72 35 0.327672
72 36 0.324467
72 37 0.321904
72 38 0.319981
72 39 0.318699
72 40 0.318058
72 41 0.318058
72 42 0.318699
72 43 0.319981
72 44 0.321904
72 45 0.324467
72 46 0.327672
72 47 0.331517
72 48 0.336004
72 49 0.341131
72 50 0.3469
72 51 0.353309
72 52 0.360359
72 53 0.36805
72 54 0.376382
72 55 0.385355
72 56 0.394969
72 57 0.405224
72 58 0.416119
72 59 0.427656
72 60 0.439833
72 61 0.452652
72 62 0.466111
72 63 0.480212
72 64 0.494953
72 65 0.510335
72 66 0.526358
72 67 0.543022
72 68 0.560327
72 69 0.578273
72 70 0.596859
72 71 0.616087
72 72 0.635956
72 73 0.656465
72 74 0.677616
72 75 0.699407
72 76 0.721839
72 77 0.744913
72 78 0.768627
72 79 0.792982
72 80 0.817978
73 1 0.838487
73 2 0.813491
73 3 0.789136
73 4 0.765422
73 5 0.742349
73 6 0.719917
73 7 0.698125
73 8 0.676975
73 9 0.656465
73 10 0.636597
73 11 0.617369
73 12 0.598782
73 13 0.580836
73 14 0.563531
73 15 0.546867
73 16 0.530844
73 17 0.515462
73 18 0.500721
73 19 0.486621
73 20 0.473161
73 21 0.460343
73 22 0.448165
73 23 0.436629
73 24 0.425733
73 25 0.415478
73 26 0.405864
73 27 0.396892
73 28 0.38856
73 29 0.380868
73 30 0.373818
73 31 0.367409
73 32 0.361641
73 33 0.356513
73 34 0.352027
73 35 0.348181
73 36 0.344977
73 37 0.342413
73 38 0.34049
73 39 0.339208
73 40 0.338568
73 41 0.338568
73 42 0.339208
73 43 0.34049
73 44 0.342413
73 45 0.344977
73 46 0.348181
73 47 0.352027
73 48 0.356513
73 49 0.361641
73 50 0.367409
73 51 0.373818
73 52 0.380868
73 53 0.38856
73 54 0.396892
73 55 0.405864
73 56 0.415478
73 57 0.425733
73 58 0.436629
73 59 0.448165
73 60 0.460343
73 61 0.473161
73 62 0.486621
73 63 0.500721
73 64 0.515462
73 65 0.530844
73 66 0.546867
73 67 0.563531
73 68 0.580836
73 69 0.598782
73 70 0.617369
73 71 0.636597
73 72 0.656465
73 73 0.676975
73 74 0.698125
73 75 0.719917
73 76 0.742349
73 77 0.765422
73 78 0.789136
73 79 0.813491
73 80 0.838487
74 1 0.859638
74 2 0.834642
74 3 0.810287
74 4 0.786573
74 5 0.763499
74 6 0.741067
74 7 0.719276
74 8 0.698125
74 9 0.677616
74 10 0.657747
74 11 0.638519
74 12 0.619933
74 13 0.601987
74 14 0.584682
74 15 0.568018
74 16 0.551995
74 17 0.536613
74 18 0.521871
74 19 0.507771
74 20 0.494312
74 21 0.481493
74 22 0.469316
74 23 0.457779
74 24 0.446884
74 25 0.436629
74 26 0.427015
74 27 0.418042
74 28 0.40971
74 29 0.402019
74 30 0.394969
74 31 0.38856
74 32 0.382791
74 33 0.377664
74 34 0.373177
74 35 0.369332
74 36 0.366127
74 37 0.363564
74 38 0.361641
74 39 0.360359
74 40 0.359718
74 41 0.359718
74 42 0.360359
74 43 0.361641
74 44 0.363564
74 45 0.366127
74 46 0.369332
74 47 0.373177
74 48 0.377664
74 49 0.382791
74 50 0.38856
74 51 0.394969
74 52 0.402019
74 53 0.40971
74 54 0.418042
74 55 0.427015
74 56 0.436629
74 57 0.446884
74 58 0.457779
74 59 0.469316
74 60 0.481493
74 61 0.494312
74 62 0.507771
74 63 0.521871
74 64 0.536613
74 65 0.551995
74 66 0.568018
74 67 0.584682
74 68 0.601987
74 69 0.619933
74 70 0.638519
74 71 0.657747
74 72 0.677616
74 73 0.698125
74 74 0.719276
74 75 0.741067
74 76 0.763499
74 77 0.786573
74 78 0.810287
74 79 0.834642
74 80 0.859638
75 1 0.881429
75 2 0.856433
75 3 0.832078
75 4 0.808364
75 5 0.785291
75 6 0.762859
75 7 0.741067
75 8 0.719917
75 9 0.699407
75 10 0.679539
75 11 0.660311
75 12 0.641724
75 13 0.623778
75 14 0.606473
75 15 0.589809
75 16 0.573786
75 17 0.558404
75 18 0.543663
75 19 0.529563
75 20 0.516103
75 21 0.503285
75 22 0.491107
75 23 0.479571
75 24 0.468675
75 25 0.45842
75 26 0.448806
75 27 0.439833
75 28 0.431501
75 29 0.42381
75 30 0.41676
75 31 0.410351
75 32 0.404583
75 33 0.399455
75 34 0.394969
75 35 0.391123
75 36 0.387919
75 37 0.385355
75 38 0.383432
75 39 0.38215
75 40 0.381509
75 41 0.381509
75 42 0.38215
75 43 0.383432
75 44 0.385355
75 45 0.387919
75 46 0.391123
75 47 0.394969
75 48 0.399455
75 49 0.404583
75 50 0.410351
75 51 0.41676
75 52 0.42381
75 53 0.431501
75 54 0.439833
75 55 0.448806
75 56 0.45842
75 57 0.468675
75 58 0.479571
75 59 0.491107
75 60 0.503285
75 61 0.516103
75 62 0.529563
75 63 0.543663
75 64 0.558404
75 65 0.573786
75 66 0.589809
75 67 0.606473
75 68 0.623778
75 69 0.641724
75 70 0.660311
75 71 0.679539
75 72 0.699407
75 73 0.719917
75 74 0.741067
75 75 0.762859
75 76 0.785291
75 77 0.808364
75 78 0.832078
75 79 0.856433
75 80 0.881429
76 1 0.903862
76 2 0.878866
76 3 0.85451
76 4 0.830796
76 5 0.807723
76 6 0.785291
76 7 0.763499
76 8 0.742349
76 9 0.721839
76 10 0.701971
76 11 0.682743
76 12 0.664156
76 13 0.646211
76 14 0.628906
76 15 0.612242
76 16 0.596219
76 17 0.580836
76 18 0.566095
76 19 0.551995
76 20 0.538535
76 21 0.525717
76 22 0.513539
76 23 0.502003
76 24 0.491107
76 25 0.480852
76 26 0.471239
76 27 0.462266
76 28 0.453934
76 29 0.446243
76 30 0.439192
76 31 0.432783
76 32 0.427015
76 33 0.421888
76 34 0.417401
76 35 0.413556
76 36 0.410351
76 37 0.407787
76 38 0.405864
76 39 0.404583
76 40 0.403942
76 41 0.403942
76 42 0.404583
76 43 0.405864
76 44 0.407787
76 45 0.410351
76 46 0.413556
76 47 0.417401
76 48 0.421888
76 49 0.427015
76 50 0.432783
76 51 0.439192
76 52 0.446243
76 53 0.453934
76 54 0.462266
76 55 0.471239
76 56 0.480852
76 57 0.491107
76 58 0.502003
76 59 0.513539
76 60 0.525717
76 61 0.538535
76 62 0.551995
76 63 0.566095
76 64 0.580836
76 65 0.596219
76 66 0.612242
76 67 0.628906
76 68 0.646211
76 69 0.664156
76 70 0.682743
76 71 0.701971
76 72 0.721839
76 73 0.742349
76 74 0.763499
76 75 0.785291
76 76 0.807723
76 77 0.830796
76 78 0.85451
76 79 0.878866
76 80 0.903862
77 1 0.926935
77 2 0.901939
77 3 0.877584
77 4 0.85387
77 5 0.830796
77 6 0.808364
77 7 0.786573
77 8 0.765422
77 9 0.744913
77 10 0.725044
77 11 0.705816
77 12 0.68723
77 13 0.669284
77 14 0.651979
77 15 0.635315
77 16 0.619292
77 17 0.60391
77 18 0.589168
77 19 0.575068
77 20 0.561609
77 21 0.54879
77 22 0.536613
77 23 0.525076
77 24 0.51418
77 25 0.503926
77 26 0.494312
77 27 0.485339
77 28 0.477007
77 29 0.469316
77 30 0.462266
77 31 0.455856
77 32 0.450088
77 33 0.444961
77 34 0.440474
77 35 0.436629
77 36 0.433424
77 37 0.43086
77 38 0.428938
77 39 0.427656
77 40 0.427015
77 41 0.427015
77 42 0.427656
77 43 0.428938
77 44 0.43086
77 45 0.433424
77 46 0.436629
77 47 0.440474
77 48 0.444961
77 49 0.450088
77 50 0.455856
77 51 0.462266
77 52 0.469316
77 53 0.477007
77 54 0.485339
77 55 0.494312
77 56 0.503926
77 57 0.51418
77 58 0.525076
77 59 0.536613
77 60 0.54879
77 61 0.561609
77 62 0.575068
77 63 0.589168
77 64 0.60391
77 65 0.619292
77 66 0.635315
77 67 0.651979
77 68 0.669284
77 69 0.68723
77 70 0.705816
77 71 0.725044
77 72 0.744913
77 73 0.765422
77 74 0.786573
77 75 0.808364
77 76 0.830796
77 77 0.85387
77 78 0.877584
77 79 0.901939
77 80 0.926935
78 1 0.950649
78 2 0.925653
78 3 0.901298
78 4 0.877584
78 5 0.85451
78 6 0.832078
78 7 0.810287
78 8 0.789136
78 9 0.768627
78 10 0.748758
78 11 0.729531
78 12 0.710944
78 13 0.692998
78 14 0.675693
78 15 0.659029
78 16 0.643006
78 17 0.627624
78 18 0.612883
78 19 0.598782
78 20 0.585323
78 21 0.572504
78 22 0.560327
78 23 0.54879
78 24 0.537895
78 25 0.52764
78 26 0.518026
78 27 0.509053
78 28 0.500721
78 29 0.49303
78 30 0.48598
78 31 0.479571
78 32 0.473802
78 33 0.468675
78 34 0.464188
78 35 0.460343
78 36 0.457138
78 37 0.454575
78 38 0.452652
78 39 0.45137
78 40 0.450729
78 41 0.450729
78 42 0.45137
78 43 0.452652
78 44 0.454575
78 45 0.457138
78 46 0.460343
78 47 0.464188
78 48 0.468675
78 49 0.473802
78 50 0.479571
78 51 0.48598
78 52 0.49303
78 53 0.500721
78 54 0.509053
78 55 0.518026
78 56 0.52764
78 57 0.537895
78 58 0.54879
78 59 0.560327
78 60 0.572504
78 61 0.585323
78 62 0.598782
78 63 0.612883
78 64 0.627624
78 65 0.643006
78 66 0.659029
78 67 0.675693
78 68 0.692998
78 69 0.710944
78 70 0.729531
78 71 0.748758
78 72 0.768627
78 73 0.789136
78 74 0.810287
78 75 0.832078
78 76 0.85451
78 77 0.877584
78 78 0.901298
78 79 0.925653
78 80 0.950649
79 1 0.975004
79 2 0.950008
79 3 0.925653
79 4 0.901939
79 5 0.878866
79 6 0.856433
79 7 0.834642
79 8 0.813491
79 9 0.792982
79 10 0.773113
79 11 0.753886
79 12 0.735299
79 13 0.717353
79 14 0.700048
79 15 0.683384
79 16 0.667361
79 17 0.651979
79 18 0.637238
79 19 0.623137
79 20 0.609678
79 21 0.596859
79 22 0.584682
79 23 0.573145
79 24 0.56225
79 25 0.551995
79 26 0.542381
79 27 0.533408
79 28 0.525076
79 29 0.517385
79 30 0.510335
79 31 0.503926
79 32 0.498157
79 33 0.49303
79 34 0.488544
79 35 0.484698
79 36 0.481493
79 37 0.47893
79 38 0.477007
79 39 0.475725
79 40 0.475084
79 41 0.475084
79 42 0.475725
79 43 0.477007
79 44 0.47893
79 45 0.481493
79 46 0.484698
79 47 0.488544
79 48 0.49303
79 49 0.498157
79 50 0.503926
79 51 0.510335
79 52 0.517385
79 53 0.525076
79 54 0.533408
79 55 0.542381
79 56 0.551995
79 57 0.56225
79 58 0.573145
79 59 0.584682
79 60 0.596859
79 61 0.609678
79 62 0.623137
79 63 0.637238
79 64 0.651979
79 65 0.667361
79 66 0.683384
79 67 0.700048
79 68 0.717353
79 69 0.735299
79 70 0.753886
79 71 0.773113
79 72 0.792982
79 73 0.813491
79 74 0.834642
79 75 0.856433
79 76 0.878866
79 77 0.901939
79 78 0.925653
79 79 0.950008
79 80 0.975004
80 1 1
80 2 0.975004
80 3 0.950649
80 4 0.926935
80 5 0.903862
80 6 0.881429
80 7 0.859638
80 8 0.838487
80 9 0.817978
80 10 0.798109
80 11 0.778882
80 12 0.760295
80 13 0.742349
80 14 0.725044
80 15 0.70838
80 16 0.692357
80 17 0.676975
80 18 0.662234
80 19 0.648133
80 20 0.634674
80 21 0.621855
80 22 0.609678
80 23 0.598141
80 24 0.587246
80 25 0.576991
80 26 0.567377
80 27 0.558404
80 28 0.550072
80 29 0.542381
80 30 0.535331
80 31 0.528922
80 32 0.523153
80 33 0.518026
80 34 0.513539
80 35 0.509694
80 36 0.506489
80 37 0.503926
80 38 0.502003
80 39 0.500721
80 40 0.50008
80 41 0.50008
80 42 0.500721
80 43 0.502003
80 44 0.503926
80 45 0.506489
80 46 0.509694
80 47 0.513539
80 48 0.518026
80 49 0.523153
80 50 0.528922
80 51 0.535331
80 52 0.542381
80 53 0.550072
80 54 0.558404
80 55 0.567377
80 56 0.576991
80 57 0.587246
80 58 0.598141
80 59 0.609678
80 60 0.621855
80 61 0.634674
80 62 0.648133
80 63 0.662234
80 64 0.676975
80 65 0.692357
80 66 0.70838
80 67 0.725044
80 68 0.742349
80 69 0.760295
80 70 0.778882
80 71 0.798109
80 72 0.817978
80 73 0.838487
80 74 0.859638
80 75 0.881429
80 76 0.903862
80 77 0.926935
80 78 0.950649
80 79 0.975004
80 80 1
